35809
28879
31993
30493
10222
62699
38314
11961
39875
21046
12477
7975
14312
16642
23426
8853
12355
53363
52864
53527
23963
46119
17821
3744
5455
35955
10109
59602
32021
47104
19587
28968
26836
31160
33586
11769
42273
19616
30522
40185
38011
49810
12574
5105
28346
18612
60282
31780
18309
14223
31926
5587
39968
42217
42097
30322
35882
2877
58195
45122
47766
12004
34409
24966
48694
50309
45319
11472
62251
21175
3198
19707
60403
19654
59809
23962
12611
52340
31478
54779
12028
30553
11880
60171
27849
58958
54822
20825
14889
16760
36
18289
25097
42966
11783
43766
20310
43901
14803
15261
45087
14156
63220
40100
5373
43962
14807
44471
53024
40120
19040
24786
60792
60294
30494
18553
42908
32086
13646
34989
52541
46008
45953
47419
37433
54442
29073
19546
19455
28035
31205
51946
11578
37487
58683
46540
14972
53341
42928
33820
50610
40376
23026
58388
23450
35611
60586
35821
10930
13693
57850
43633
5177
35041
9346
14530
31506
30447
35021
12404
38032
28618
22490
3212
37425
52158
39924
27723
56394
11071
35624
31203
42658
18263
3116
54485
32349
58522
53082
52118
40924
47659
27281
31723
47020
52029
30829
50845
7107
36412
13388
55340
55766
49388
14566
7940
14741
51178
52116
30986
48832
17631
28990
18946
5525
46971
19702
60387
14619
29434
46955
27648
23053
57464
42017
47888
60243
22062
12348
22430
51233
58870
45475
38080
60268
20335
252
19687
44122
36481
11837
61651
31783
12565
56714
20522
59888
7641
13393
16892
20160
24230
27278
57620
55582
25417
35006
56951
19644
18513
58196
46262
10161
34159
58203
35471
61175
30557
54899
15691
12125
56966
4765
18853
11262
59535
3733
60628
61910
59880
42651
52739
26856
41926
5057
9043
43241
30660
42530
53719
16993
24764
38351
3526
54910
8102
40596
41445
3327
39427
48919
27045
52746
52984
43320
28682
14722
40368
40205
23170
10123
16523
11624
50826
12332
2235
59533
47943
14542
53535
7506
7005
59838
8933
47708
60260
32040
18344
31634
26712
38758
31797
16242
49509
36997
20620
11887
62615
51980
51886
56224
36828
3409
19605
9584
20884
10646
17341
30673
18638
24513
12677
56330
20292
46322
25081
11337
55498
5913
12454
33897
62084
20574
5344
54384
41040
30314
46615
20626
5418
40968
38968
6126
20863
20521
19374
19592
53644
53675
38031
28768
31389
30194
6024
39452
49357
27688
19593
60768
25191
11476
47037
57616
8666
53479
63057
61543
40359
30987
38952
5340
31325
17809
6306
11332
39370
34263
54583
55418
44595
20860
17247
14334
10069
34750
54493
35011
38014
10744
54708
3056
51877
58643
51696
31480
14954
35485
43636
53342
50557
59821
33320
10554
58378
62096
48600
38086
22744
60820
5014
37146
54243
28147
12534
50581
18283
50473
3122
31237
61605
15400
20642
25772
10163
23174
20754
50876
19541
45594
48666
52900
50000
7230
26868
35614
8657
828
1400
63083
47495
17669
10190
57722
14250
43466
13906
19075
30785
47793
16156
11782
43345
38619
44419
61499
47245
55982
60592
19027
11481
12219
29054
18600
7600
28925
33749
19487
51495
18953
8042
38336
59920
37714
24629
53615
14555
22302
55049
61449
54938
34003
14632
54948
52939
14082
19744
17839
58205
11154
44445
46306
18440
55759
47692
38203
33740
37444
1796
33537
13650
54781
14545
56930
60174
4346
35566
63081
29356
58416
6535
35833
59710
49857
57533
11586
44536
56383
48789
48003
40132
59820
59991
56347
26741
30242
56422
48149
36585
16326
34324
3476
49478
19474
52409
33509
1046
8512
11172
35061
4740
12548
14323
18114
62898
8780
53880
5643
25019
55678
52388
4067
56955
37177
41122
7781
13414
27736
19505
55512
5955
59544
41740
46513
30096
20113
3343
23183
39358
23085
36848
15372
12694
14792
7898
52734
14347
48681
30298
52648
25958
22037
42592
10901
40140
14590
16265
23429
41554
46162
28193
9378
9235
42837
12397
34269
5363
31191
57889
28834
18515
30524
60068
14633
3467
5686
55991
16662
5407
44006
53870
50920
29084
39372
62461
32303
11001
38783
52718
18367
48616
37726
33649
52096
20745
24615
32127
44166
11958
21134
45330
55674
44457
43018
10589
57408
3079
4658
30941
7554
30195
58503
10553
58049
47788
24800
4388
11015
23503
17112
10165
6551
26070
30847
4159
4798
46274
11108
39938
39400
30229
62481
44482
61318
16465
16226
19716
1885
52705
61322
59517
1479
3041
58834
20672
10120
59914
45559
60392
7381
29335
45971
17885
10218
12652
3618
51763
3947
61240
50630
3411
24412
12470
23897
59531
28384
35848
25290
56909
35015
27822
24666
15523
42722
3462
52685
49408
22708
31015
59904
21570
31229
33637
42067
43280
18630
44463
53405
25258
33752
8806
60793
5315
28882
31455
63084
25742
25478
38025
3096
22148
60508
15027
28980
31043
28926
14815
7858
8116
8649
39579
31537
46310
41540
47000
37351
10095
21781
44712
57584
49422
63026
60411
11447
16379
5095
56196
43730
16133
41437
20250
44016
14459
46027
54795
51610
27663
5909
33964
9292
52704
23761
10137
61513
1584
16126
58391
11721
25198
932
14846
35618
52417
15706
11238
40137
36028
16387
6455
23354
56716
44152
10609
11868
19603
12573
29002
40183
38076
46279
36240
11405
47318
19547
12703
40118
31182
25700
48860
6665
38089
49291
31579
52539
7599
1929
50425
30521
46751
34277
11542
2826
43163
25638
22494
59868
20519
58994
43650
47249
41628
49247
10254
13839
14340
3499
32247
8090
31944
11873
45598
17524
18403
12732
31424
46062
3785
30499
56657
53864
54454
43186
5280
6101
18042
7533
16630
17799
43296
61153
18407
13488
29028
51000
3399
2161
16667
19519
10071
19590
44816
8732
1750
44004
46708
18305
36030
15185
25465
20127
49484
20068
13678
52986
25677
54951
28979
37102
20727
56706
18864
23310
56773
3173
45955
19385
13546
14806
10096
54083
19314
3136
18272
5115
10566
61627
12672
44167
33831
14496
24608
41506
50258
4291
36242
32131
45964
34751
36882
61170
44077
51035
23991
58644
11084
32332
44065
25033
6511
60647
31049
57134
48129
44488
54788
33725
41276
6666
44030
25701
31397
11660
63121
14991
9211
45648
28992
15711
23431
43452
4265
40159
4301
4753
45570
27362
47147
10652
60766
35054
61622
40618
35151
30351
12429
31957
33814
30121
20978
33819
3851
3132
53368
33934
47488
10227
49856
7240
40043
5833
53542
26872
46305
20378
44402
3310
52084
44842
7767
18476
55364
20492
31018
35387
51181
20590
45339
25214
31575
58298
23281
39338
55584
48889
35592
58415
60358
11883
29033
32487
3
12713
11625
48418
14173
42435
55836
18677
57215
59867
8814
60277
14479
38720
18792
60999
13089
1638
32661
16298
62157
8935
56087
17872
25799
36734
35828
56656
38598
8328
29373
25537
5009
22411
14599
47335
29131
41477
38731
11259
8699
11492
22668
44440
14605
20867
34215
36226
41561
45499
34759
50279
27410
50500
31322
58701
39448
48137
54459
36073
44919
30086
20735
31635
38292
53331
19641
10835
15664
25686
36272
45977
47779
43842
44393
49276
22987
10147
48225
35020
35080
15319
39425
13045
54579
30193
13441
19645
60231
16701
61012
54145
34131
12344
30392
42574
14631
31885
11959
20271
24792
3287
54714
46716
31168
61617
42114
40958
62232
29010
19494
12128
22061
51430
55572
56623
40314
23109
11620
24910
9525
56524
57414
12403
24453
39158
8712
27836
11890
45219
52715
22829
12551
12302
26778
31269
18427
58068
40351
26670
44175
30812
11814
11623
41697
35843
42532
4590
57363
33983
29082
24282
23867
5179
45629
26044
12112
40652
30477
35001
18642
36058
55414
46300
59168
57378
59570
20945
19472
35608
6184
60271
3563
13775
3564
54785
62651
23436
31090
42656
11585
53477
46319
53473
22088
37593
48999
35997
36244
38821
54866
1858
1642
6071
59508
57878
37413
50708
60193
54193
42844
33907
12090
29176
58455
18116
30202
7922
36999
10162
20811
59161
53204
31280
54768
47818
53915
62960
19606
35454
61417
3010
61399
31535
43748
56438
3672
50348
3466
22725
11637
47875
25794
11456
22905
44980
24435
1410
11546
7435
28799
22667
54977
51793
12459
31759
38388
55163
54796
44603
22621
32228
44507
18761
49925
14348
35069
18085
35644
63052
15080
32083
18575
52092
19533
28942
24272
44758
4539
22831
20701
14419
45608
16767
46187
56421
51627
13628
62955
20591
22200
37374
23458
11606
31654
44963
31004
30958
60796
37598
53938
16963
22694
18369
19557
32736
13482
53798
60069
37324
19256
55641
59410
24193
63077
41356
38911
15725
60023
32105
15709
19678
32184
23189
18607
13681
17776
52180
58989
3101
819
51751
33724
21614
7127
15099
20896
16538
60422
11469
48785
8746
13940
59910
7285
24213
4508
48461
55081
14307
6388
53879
35733
42854
18267
33638
54160
20998
14742
48413
31316
43687
51459
38198
16155
20110
7252
45250
28133
38324
18003
10051
13394
40573
18096
27919
62730
23175
29030
43354
35283
50797
12601
11741
29242
30576
38166
46910
24480
9398
14800
18218
11557
30909
53016
30081
35280
30404
4401
26147
15334
3659
41530
19251
20741
22341
44599
11538
45299
17601
41415
52543
50934
44902
6814
20667
31928
14290
15305
31960
1936
5377
53546
16763
46488
14484
60584
46701
14728
25540
47116
18936
28089
30092
58670
62504
3350
20960
17670
30352
31662
40193
31599
58048
36048
25825
14136
3768
11689
35308
59043
30506
56086
6578
53851
25662
57129
40065
5226
16604
48229
23500
56704
42269
25243
44720
14677
40194
46351
39916
18862
11090
35977
35961
8870
30157
35155
23159
4009
31591
32401
35942
40187
38406
31384
14804
60778
28242
60744
22726
41679
17941
25509
19151
18274
30732
43915
44209
28957
61418
11574
44031
53752
35812
52754
3546
27422
19709
33654
61109
394
52652
48582
31861
13392
31337
58609
10758
51873
61718
5824
14921
20239
31075
19560
49902
6929
51320
56905
50435
34257
56922
48219
23025
33729
40130
30920
31812
45661
54148
38983
62993
30491
46104
22331
37811
5060
23498
52258
46304
3261
52951
13748
53316
41512
23314
36254
11594
18728
60822
56333
25520
38395
10119
29633
8891
1765
31814
62791
3285
1732
14333
11398
22392
26312
39404
55181
18620
52904
12544
2272
53544
39501
13907
54882
35025
45620
55188
35019
60433
61503
59436
29713
60347
54942
3934
41405
10191
51192
29995
6226
30894
19486
53976
22605
47232
40579
56357
19937
39406
40143
33784
35844
3408
14432
61726
53455
40018
1327
1569
18002
62218
23115
22977
22727
22022
13366
32002
24820
33959
30600
23072
10700
4358
56501
11672
58918
15114
19194
50012
51047
37266
28711
36596
35421
36216
10215
60273
12692
56925
20381
2917
10550
52672
3832
19784
25464
62391
14065
3308
5898
31902
1062
29003
13534
2327
62486
3669
56816
14338
46737
52045
32362
38301
30415
61618
22227
19642
52687
3164
52064
31301
35049
12535
33546
60745
33791
30810
26659
26014
38151
63175
33925
59899
34197
53491
33365
47985
9151
30091
47699
53787
11726
14652
21003
1567
38370
52531
14460
18226
24336
49040
20143
50498
24202
61630
50810
29088
19215
50238
14798
39410
11652
18213
56599
44663
37734
47410
29988
36803
20155
25579
59260
4219
42094
29890
25731
24250
5291
56523
53553
5552
22250
3879
37800
31510
35389
5676
30311
47771
52976
37290
29727
10796
54877
8741
17277
14506
50837
18185
32045
28977
30515
46582
38815
52630
12349
42934
31738
55162
52916
49474
49707
10216
43362
18929
20283
59207
14296
54776
3524
56349
16494
11562
724
30244
17743
48100
3108
5454
11070
4816
60505
4482
11489
48585
9632
24840
12248
48211
7326
45113
11515
55976
58506
14611
58251
20084
61177
55128
11966
44049
53267
6038
32264
16678
3521
14490
14562
33990
47778
42657
46766
20992
60646
43432
29759
3617
61623
22982
27879
18368
58020
31675
56098
13788
11775
11247
22735
22327
63068
20516
33947
14535
57050
47411
10839
34052
3444
34005
11387
39911
26087
25038
15272
3288
38771
30414
17032
42864
17340
62882
34446
41545
21577
39571
58991
15130
25621
10094
25470
53955
48153
19706
51611
42112
10127
38753
36866
52393
36219
52826
10848
16286
58932
60763
5424
16543
31621
32066
42693
3133
53524
58986
52994
40103
4386
44123
19004
51232
62684
44370
53958
52823
44469
62900
46111
45491
14190
48141
33027
11577
52319
20366
41457
46754
57615
39881
41663
47713
8753
26782
53551
47427
61693
16116
31291
63097
47080
51024
8633
2067
48701
31555
40022
42587
49120
12419
55570
659
12391
13589
55154
17804
11692
26616
42443
30489
6698
29089
31721
37375
19748
36283
35870
58373
23375
62153
14293
39946
41130
1884
42223
25767
32642
22997
29121
18657
62081
5906
20993
21060
54858
46222
35048
17990
60259
38195
35832
54993
13942
30267
6664
3048
51623
9132
38289
54891
56632
61598
6577
54082
33713
3344
30508
20824
20711
29074
48520
3914
37059
25495
10117
43991
50668
23423
16384
10234
23190
56846
59887
25045
40147
59163
39456
27612
35000
42782
35853
53874
26870
50237
41417
29268
63224
20994
55275
58867
664
39629
31446
44401
51005
15269
32596
43207
6608
41509
46780
46024
43938
49996
12374
39204
43985
40266
25486
52420
30419
27165
30516
62394
47167
52933
14521
59704
4034
53561
3515
53474
52524
36832
59157
42208
38401
57279
31613
25487
3203
5449
54709
18143
14444
43634
28996
22323
45060
1030
14657
41339
31263
16190
22937
14276
23452
12301
25146
37227
46340
16843
19626
44102
54710
54745
39528
53971
45868
48601
47170
58093
781
31563
14354
37271
61731
42863
41471
32653
52633
40176
3255
51917
11292
23149
31352
14421
5013
19518
13339
59010
3652
30210
9862
32454
23696
35867
6741
60581
38622
59802
53467
61534
31682
40994
5019
23205
12625
864
39601
34236
44926
44277
49444
19551
33977
253
3961
39401
57900
14719
22536
63173
30918
55123
20628
34823
31671
39117
54992
21795
51716
26051
63222
41665
43700
42186
38744
14711
33274
2997
56420
36077
40164
47814
42977
35344
7342
16230
4363
26492
18884
4961
53531
13863
52975
30528
15484
32277
49047
26622
62596
48421
38217
1812
6015
5557
9261
41177
49706
19024
60390
14507
61885
14695
24218
41558
46863
45948
6808
31997
52607
51011
39118
17459
38779
23346
32370
22990
42779
63050
48750
20969
14962
7278
25458
17947
38780
34016
41534
4670
17760
52991
9106
40155
49514
18546
53310
47827
22558
49113
14700
10157
1902
14994
8968
34014
15002
24469
23434
28887
4562
61739
14730
52707
55931
34903
43236
37622
10164
31486
62300
45593
42826
25345
9303
3766
43792
52730
39896
40768
52109
19539
20527
30588
60734
24805
33771
59834
28766
59144
38683
57367
51168
17898
52926
23916
20495
19778
58395
55722
35634
53868
40336
44297
3062
49177
63227
61252
4201
25103
31282
1942
14291
38756
45687
40057
17559
23260
32962
23261
61700
11655
14552
48982
11706
52528
62798
27588
49203
59806
24394
60577
23366
3146
14997
14615
4757
31047
57995
22623
39984
31594
18366
25085
58955
40124
60530
62513
42336
4060
9293
4773
44374
14247
60428
12720
25468
32166
31006
51602
9080
48082
16926
30187
31156
31264
14324
3769
16715
14309
7493
22912
11493
55470
56001
23536
14754
60261
35638
37747
5727
41284
25592
37097
24508
22824
52554
45943
32884
17635
9387
26997
24663
19468
19595
14769
30999
19543
3219
10070
56398
29000
10068
24645
59897
47727
38216
35628
25441
29060
3137
21033
18771
27254
38695
33652
5361
6269
33821
46173
43982
7666
46270
19760
39293
10176
19350
28961
56708
3513
63100
37480
28542
5200
22503
29753
40974
47161
11465
38392
3366
53832
17090
12108
49701
18088
42274
8798
51357
51600
40785
41585
6492
9351
11301
31878
11785
20725
51195
61613
48646
6704
31921
24208
1701
1512
41334
3912
28657
20695
58174
11326
30358
8005
15144
49812
40516
43753
46178
42305
53049
5382
38190
14679
55651
23164
40348
3525
27208
12491
19574
58393
37281
56645
24551
40410
46161
46277
14326
31787
42484
22794
52594
33710
37017
23091
8724
60606
18653
42709
25803
13443
49469
51173
60173
22291
37727
59741
10067
18392
41002
60189
30277
55724
37417
52894
19555
47894
30250
15685
10933
45997
31379
38199
31459
59985
14140
30517
19501
61160
22803
23094
3535
12015
60379
3259
3720
10202
20986
60370
18170
49241
47138
35931
52407
60818
19765
41473
32329
20688
40977
797
35038
41611
12032
25805
62177
23504
60728
62166
20577
48296
11563
46267
3228
38320
63214
9041
46890
55837
44584
52004
52695
57036
55592
17770
31413
49166
34196
14603
6421
16222
53276
5642
51132
28866
39405
24083
29071
3223
41354
14976
22627
62884
23258
35044
37246
59158
52724
29690
10197
20793
30862
25901
46284
10759
38164
11835
56172
62343
22666
50572
10075
14651
58972
57787
40922
5078
28991
24956
31311
45930
13325
30431
29854
36909
44431
47899
27585
59858
58984
61673
14788
19259
53532
10181
21096
49178
673
31076
52099
38988
25147
31884
30971
48446
3857
14578
19789
38160
16635
12478
30429
38332
11423
47365
31395
5829
47658
28177
25730
17006
53975
46324
38772
12318
4599
46352
61210
3719
6121
45466
11497
31685
35939
49712
41220
37390
23165
17959
25028
20466
13212
31827
60740
26879
25563
47182
40437
35443
48803
41673
59402
57465
5299
45000
49465
44051
10105
17534
41404
60790
3463
20216
44542
5286
22024
44057
61824
45639
60367
44273
41127
33856
11438
4030
57122
39366
3738
14325
24497
55821
18692
37348
23609
10904
60827
44392
31683
50240
48070
3009
11225
63092
55256
14802
56410
22092
30509
5279
33772
19360
34093
48411
54299
35643
23412
6920
25531
33809
41383
56620
6743
26853
29011
48829
56400
52750
49029
51925
14448
57617
32244
49676
14658
16345
60177
41862
26586
23936
13565
37276
54365
40182
14745
44052
32297
25572
41516
48652
45005
59883
46711
21967
19782
3135
42654
32147
20070
34222
9002
41117
63108
14573
52747
17467
18652
45578
50822
52964
4284
27912
9280
42680
19536
14385
44412
31157
48779
5669
30805
44360
44581
33754
36104
58814
46302
17054
60664
11777
42515
19524
40930
23204
61626
11535
17466
24262
25960
41431
55381
5685
6718
1712
10159
19634
22707
57162
5296
24240
44408
7544
35139
51450
40247
42528
60432
19669
44383
38144
6233
62451
34955
17210
37060
4829
33738
19545
48965
6191
23077
58988
19600
24126
3397
62401
41409
33828
60176
27859
63245
52833
40145
17599
58674
32221
6192
41036
61498
31345
16187
36855
61519
50543
38685
61150
37794
44992
11608
49235
62155
31332
13475
29563
11889
20576
4568
37405
56701
23657
16709
51467
4678
17650
17788
30417
12473
17064
38140
53498
47852
54965
28985
41054
3081
37817
59642
29750
52745
60067
41583
46318
11925
60244
19658
39926
16285
46002
47099
56637
30558
20324
30655
23981
16128
55638
49550
53339
20057
55473
4642
30258
46112
30280
27541
38197
45862
6021
29102
54500
10851
12530
30604
18055
5308
43084
27477
14488
36022
18064
36833
31627
42521
15734
7166
59018
58777
40786
14965
61707
54857
35047
14919
57216
58634
46479
31204
25787
53700
40217
22491
39637
32162
46704
44242
58252
32996
41496
31678
60172
60207
50828
34041
44475
30532
51001
31143
54777
46064
52691
23059
54840
43357
52731
41524
38807
40323
35661
2008
13554
61704
31374
13879
5702
55133
58294
33718
42700
23430
45186
33950
20681
24259
40203
35949
25746
30620
40272
49886
9504
43314
55057
40295
17335
43106
61376
10083
5349
55132
49180
11335
20451
19483
57877
699
13719
10198
46781
30213
14694
56660
14381
27806
34251
60250
31996
36355
6524
5717
55085
58990
61571
9148
30964
19145
47007
46101
3494
63221
44554
8721
38185
44238
58725
12420
25493
52207
17095
14277
16681
30323
56121
20161
10230
3236
3159
40276
4770
40073
8802
57637
6776
11449
3281
46393
10124
37850
27880
10950
23050
19747
3213
5371
55161
42477
56873
18688
22980
45188
36654
31338
20635
13438
11996
8658
25543
20955
16443
41655
13908
23487
62453
52033
23178
36218
42738
51870
28907
53882
46963
45472
3372
51791
56102
49511
45308
43749
40403
3536
14791
3023
16274
11601
44579
44477
1874
36042
36746
60840
63045
15603
35835
14281
15681
14415
61373
22196
13984
52690
17655
31949
41128
9120
47134
10236
54896
14073
56964
274
33953
32266
8444
18873
25643
29393
31833
31445
34429
10603
58985
25793
53482
41395
3224
20648
22243
37226
39905
32494
15972
19213
25503
51474
58078
24439
10928
11570
35629
18871
35037
32190
18414
52897
48404
3943
28769
23161
27830
56418
6766
46105
35607
22189
25640
41031
43454
58966
51675
42905
6625
10052
59358
20987
42974
10101
46578
48457
24573
7453
39429
28482
37491
28115
20354
54055
49957
15581
37089
18062
22610
15394
22459
11567
48132
61735
15266
18943
11779
30054
3179
30122
58354
40951
44815
29344
39470
49168
18065
644
16893
52755
46726
61475
3138
2613
10880
34915
11643
41528
8029
30523
38003
44441
22401
17246
49441
14999
6765
51170
34020
46191
30641
59912
58702
1354
21045
42708
49766
59641
43247
24084
2195
24671
46829
40952
25574
15680
60204
57365
35932
5484
32566
23089
46473
60413
11708
53041
11555
62426
14316
19627
29038
56935
22316
14394
56222
21062
10706
10820
43208
47945
12329
6027
18990
11589
12626
58059
19732
30398
4450
39149
14760
12685
41444
46460
14512
37373
31196
55908
42546
19559
1605
50910
14973
26729
61730
41630
26831
29360
61183
46700
3981
58207
18772
38362
10224
1543
48269
15736
20740
8019
20474
25980
55365
8987
55588
25637
11698
6374
1620
17823
60453
10131
31100
33723
23020
8243
11795
21659
40330
38091
52433
51074
19629
26706
58707
43717
10832
36235
49999
11899
22568
7269
61631
49505
58635
25688
57412
15050
19648
26199
29243
28579
39467
35963
39062
53831
23030
30163
47939
56120
10789
1076
24247
52331
47421
39436
61496
22202
30933
16798
20309
17923
1962
17395
19788
61556
4650
29297
59395
14486
40142
47923
3393
52401
52486
24169
60083
3124
29031
52081
1809
61184
48270
18784
49504
600
1964
19534
47919
25179
46328
24650
62120
21748
14428
60478
12599
27669
23870
33711
45795
46316
7717
49405
52641
1756
33374
14761
59657
4636
55166
49003
90
25207
14869
12760
10195
47123
28425
42554
46256
25600
52972
20198
31483
59651
26900
31319
35590
57678
20753
39976
62129
47019
11520
33730
11950
56345
33696
58843
56694
4281
25488
27506
48477
10072
33395
51197
11685
14561
10831
52947
45388
22483
19688
3309
30448
30216
3412
11720
14505
50635
17202
31442
44750
13613
22804
41911
12371
48528
57210
3012
14429
42388
29772
50703
31520
30575
43628
27677
62718
53872
9322
46298
52929
4032
52744
3273
40614
41519
58608
18292
20438
24089
52357
25757
36761
37201
47162
42698
59189
30963
44958
47203
48909
31306
36383
23083
56026
20890
56661
39788
14900
57033
20142
43469
52971
45576
19062
14436
46545
32013
1078
43097
51461
52416
46972
44782
51601
60180
24441
43682
16719
17950
4824
63118
26863
33781
37219
48072
33825
60619
30173
20886
57655
40213
44371
8267
28005
20770
32137
17868
10079
14668
25459
60056
46459
43752
56356
397
56455
31396
48447
36944
54901
31088
44462
3424
30103
21586
44450
28975
20558
36610
50817
53461
38244
59856
34249
53654
2071
31715
33349
63034
35032
30211
39459
16398
25380
40645
57873
45187
18220
44476
18445
55736
61154
24398
30597
42593
54935
46188
11374
10112
55312
59407
48735
41429
22674
43153
40797
1399
3346
14781
14551
41722
9196
46480
38251
38816
33805
30366
18983
26643
20788
25594
35079
31261
14295
60276
33963
50963
30996
16787
60038
55450
50949
53091
10184
56603
56069
33957
32241
51007
39455
17427
25963
48425
44281
38057
3472
52729
22665
43958
47143
60786
18343
46732
47604
11288
28257
28864
13672
43878
5246
11502
14221
49713
12080
35953
51050
47179
36694
19548
32017
20078
18032
38309
10359
31333
62959
26709
46747
54630
62510
36986
40708
56676
40973
6777
17118
44274
61525
53472
11632
25460
48001
39434
14896
48631
60800
14409
40647
52736
10169
24221
18410
10799
37369
53231
44983
62265
34227
54119
14398
33624
22324
43547
3741
28150
43277
10334
53937
35102
14350
47233
10144
14487
18453
34788
41982
46146
36626
1778
30268
4366
30051
61518
54387
41000
30076
28847
59117
62079
47345
61541
33692
14706
62721
9874
44269
50602
58890
17716
31609
11521
11804
53846
49491
63216
35632
62879
49069
31704
29069
11717
46182
30345
20555
59152
54716
46541
39928
19612
54267
43820
33785
42197
34873
41352
40901
23013
20650
14427
5140
37856
14337
37107
1865
17030
3661
16576
58192
55239
60291
44492
32325
45401
25268
61811
52999
746
47298
46219
60253
38252
32084
34029
1382
57069
41699
59099
57409
59995
34160
10110
58409
53753
14278
33401
16457
9356
40406
14447
4714
28959
4367
1045
31626
38155
30209
28831
57688
47963
41564
23478
48682
24111
34316
44286
35851
22951
39396
3610
44366
59113
11658
12949
48074
46497
16209
62992
24460
17729
11713
35422
43031
20048
45461
39207
3238
10900
28978
32159
40474
31501
30956
3165
19361
40460
25309
8521
35921
24723
41450
23217
25524
56976
14563
7328
14345
30117
47069
19635
10103
3614
53563
36580
23447
35143
19074
24115
19608
37316
876
51162
28995
48740
18244
55585
34195
47208
56990
19186
46562
5468
55590
35637
55213
41465
45950
56248
21938
42699
27248
31365
53554
57109
19596
40434
37358
17740
42835
35063
7597
10777
5146
1672
16364
35633
30719
44254
12330
7348
9958
60735
54029
50918
25000
38039
63094
25639
5325
54794
23311
61717
54657
15009
47725
60689
20728
10923
30488
10189
30221
60197
25504
59652
23919
14773
23151
52910
60526
63123
57437
4370
27348
46021
51715
56921
24691
1835
49253
62188
21487
30895
6370
39413
1520
37305
1339
56916
52544
55598
35444
25021
46464
52411
52296
32729
42711
12412
14951
1673
45972
48396
24843
6884
37355
51768
14661
50878
14609
10902
63225
20907
10149
20645
38699
698
52529
10200
34336
6312
23322
44411
49148
46205
59293
55074
35647
59042
3061
4310
32321
30878
3567
38760
12416
61298
50738
4784
35641
46321
44064
31581
26037
34216
3998
25122
32328
25479
10089
43788
49057
8748
45046
30282
46706
27387
29036
52408
52915
13756
23004
1890
60607
47857
61452
38378
29032
22719
18961
15545
7896
57490
61674
41727
40575
49329
41847
34285
53518
59874
12780
53573
33810
30950
7703
3232
31796
53713
25525
49828
18625
3561
23078
53867
46184
21996
62456
57644
31686
10056
30470
23295
14524
60401
20072
59824
51977
25185
5851
22057
51174
52927
18882
45973
11882
48470
36054
31369
13362
62709
12367
18656
29109
44556
42144
3497
24143
11488
58591
18758
55260
31209
45307
14321
3314
32312
23145
42662
60998
38154
49885
29167
50317
42457
37544
35005
16824
23993
63208
48234
32181
26845
36838
12835
30381
14621
46263
22329
56045
31850
13226
49222
13575
17724
31087
33846
14623
44464
28921
48775
20108
18720
59007
7441
14635
39931
20178
32091
44428
20733
34130
34132
23245
20550
14882
22743
13643
60416
58101
39876
42996
44776
11369
30471
16818
28388
14628
11360
5265
52488
58383
50731
52329
46175
40371
13896
12639
22452
19395
3935
27196
42282
17816
55878
6283
23073
43369
58069
21375
360
48105
20760
11324
43839
3185
42911
33323
10905
16267
63145
44033
25178
33031
25660
62369
17917
1001
5251
34999
25554
46269
51595
11028
347
38512
14553
35036
2667
61817
12000
47840
17042
30650
35304
14256
20951
49192
16636
52338
1648
26873
26667
50973
14303
16197
26478
44290
14362
55811
60264
1759
32872
36182
20515
29394
35631
52989
38924
62707
42684
15764
11110
50946
35508
18570
14924
19731
25009
60205
25704
15452
8119
18208
8095
41421
14327
38107
16594
40279
34856
47014
52995
47428
59913
61490
54758
26792
46255
62914
58982
39679
54686
1926
61649
13624
30590
58214
43190
53964
49455
54783
9353
38921
31817
45395
20337
50642
52849
27311
12903
52928
19750
29514
18264
45182
43332
46966
42749
42524
43260
19549
38940
38926
18179
22892
56795
5687
60773
31386
28615
63217
4037
12558
37368
10920
38805
43299
24321
58695
28319
11243
26795
3458
52917
3368
22033
48845
52838
5220
20914
38718
38053
48401
16362
28840
22462
29046
49049
52748
43132
29100
62694
40162
30593
56669
46067
48150
10178
20944
14796
45975
28201
16511
29123
37136
31762
12370
19676
23102
62346
59097
44034
16473
50234
52693
59140
17624
58330
47363
46371
37257
48472
19148
43205
24730
39283
42354
5227
3615
53891
58065
19638
52913
5631
13245
58724
46533
25559
2049
22751
5878
40957
5936
61585
20823
41625
44673
25477
63098
63215
56616
49649
24275
43670
18539
22090
27817
13972
24400
10148
5698
52532
45940
18681
7618
13412
44965
55342
3582
40259
41367
15162
27480
48633
41933
44628
10174
14571
30952
39462
29395
20608
40021
46227
62675
27137
24665
20338
10228
8729
48438
40058
61644
1738
46405
728
55896
40537
9112
11765
30159
32293
20303
41685
47503
34410
42271
39355
3948
50619
52737
48066
30512
53729
36536
57872
22647
39185
58402
37224
5809
34256
51179
44868
3522
41416
1786
33734
41646
42229
16469
25769
42739
36936
16846
50530
5100
34944
1419
56024
19162
50947
14663
11664
24122
10053
39818
58208
7318
32156
7190
19478
28936
30077
32225
55164
16822
14594
14226
32011
26587
5917
20317
41720
14358
58111
45089
59630
58919
47742
47748
36906
14150
60788
53545
33751
45615
15741
47968
40344
37423
22004
15033
42454
35171
3086
16389
49864
21560
55060
19583
19725
7861
53071
18298
20744
41060
14238
43722
22349
50318
20432
41724
22664
14538
30472
17702
26725
20081
47621
60362
44479
8168
26730
19790
44022
59701
11527
30648
30174
44559
20796
55544
31254
12402
10850
44491
61639
14831
27824
40138
30039
47866
33793
61510
55363
22939
22445
31705
47728
53589
1411
34045
22100
58074
59884
16421
5814
30179
26687
3593
44088
14504
26475
60201
6435
42153
16670
59882
24949
5609
744
48540
28134
41765
48725
56950
35642
5573
51659
35604
24829
15120
46313
41456
3120
22256
31516
3449
41562
33464
30892
4056
16725
14042
22005
50442
4610
44938
53550
25752
61244
61086
5923
502
14968
33631
29471
3756
3963
37344
12382
21160
11144
46616
49507
40988
14670
3457
39749
19656
51568
56569
35035
20536
29045
48077
3214
32399
6039
53760
19727
21949
32177
19371
13005
15250
22856
60495
54503
3183
11766
24053
9985
19665
15157
3944
20398
47223
10213
63203
38399
35053
49486
36591
9400
41129
62114
25239
24168
52902
35900
34342
60025
47871
19466
18599
58872
12284
59493
11975
46864
14392
41705
35886
20186
38326
30249
11340
14664
53131
13701
3464
18508
43933
50313
8890
54428
5566
18975
52722
29689
3428
1872
18850
14771
13626
62162
45002
27020
14740
52756
44954
13610
22216
22699
42422
51319
31820
12469
24200
63138
30373
21916
46697
18449
62719
3011
29040
31526
54848
30248
44415
20970
40372
12421
62999
42450
52210
30587
40869
35593
14714
11675
19723
40461
14242
36707
11614
30400
16679
52339
54331
11793
11756
60283
56414
51182
18722
14757
24908
47227
14433
9158
59526
20224
22865
39171
20157
57413
60222
54852
60750
27906
29714
18136
25682
44040
5036
53311
27678
31278
8850
23363
19697
19558
49871
62345
11965
54888
38380
24327
10133
33250
62563
43980
31547
28506
17488
53530
42183
21754
8074
40166
41484
43930
10073
28095
5705
29101
60169
62933
14094
32310
56372
51117
37415
55462
14526
39274
57783
40430
38811
56662
53515
5054
18775
2110
47682
44585
33163
52022
3280
11747
30900
11055
54964
43119
19005
40960
56000
46919
18125
5355
10085
31923
24288
14672
13540
57605
61709
40576
18451
62751
28966
32294
54156
42661
32723
46372
31056
60248
5709
26658
6131
62131
38179
12452
1877
59614
11789
18275
36892
49440
40429
51242
45006
46309
58095
37550
10172
3451
19571
10102
35093
54178
19006
10187
16196
63128
29992
14892
32285
20821
25330
5357
20484
35092
14733
35256
30327
14597
30020
9008
11940
53723
49472
48400
59903
54975
12843
19520
33712
19754
41114
46273
47075
24365
40233
30007
59894
30658
61584
30560
3414
35902
35008
39489
14794
15521
43213
49714
6767
23208
8642
50895
31305
36408
38220
28479
3434
61161
59663
29669
9866
56600
25491
60753
30168
17748
33969
39740
11639
45937
15524
44444
34087
10054
20170
17900
19618
42385
36852
59482
25762
43478
11540
53501
22375
26082
57237
49430
24080
14038
54394
11635
31560
58219
47220
7892
4777
20604
35579
39437
57921
7578
11661
48693
40964
13819
23112
27768
61286
10199
50896
48450
12555
52712
48215
6320
50628
3220
43954
46281
14529
27103
6763
35018
21128
4525
31022
10311
24374
48697
16144
13557
35066
58799
8432
28224
36614
44189
44019
24514
13962
51002
37988
25675
29696
32222
13712
38773
30317
43631
30321
23167
51789
45483
54172
39945
58211
58185
28017
993
23127
56419
43794
27609
22832
11772
43899
31402
41758
17972
33922
43936
35071
14959
59226
34275
19324
33986
45493
19670
61446
55634
35031
53005
48687
47016
58089
24020
58474
57132
1715
44204
27428
48002
35452
7327
60514
52740
56027
17827
53943
14520
61371
11584
32056
27294
41814
54585
19575
23466
27770
33691
19097
31466
22342
44078
11687
24116
51814
24378
38678
61514
25666
57383
37127
8848
13191
63006
31612
14477
35502
31608
49066
38800
12308
30490
33532
14768
53873
10210
11467
62731
5946
30611
49160
55594
14313
23063
30382
32061
40236
35372
19781
25223
61896
6028
46804
1369
5324
5164
43392
5712
11294
31858
1624
23479
42272
12434
29092
43356
5312
38764
59833
42778
13457
8195
52952
35578
31971
14396
18477
11856
46127
55088
7075
17313
24174
11499
24530
35894
11302
40369
22318
62061
13870
7307
50633
12485
43853
39884
40175
46290
31948
31570
31484
30866
58692
50923
61665
16250
54976
27620
12807
45677
3247
31020
10205
60024
36173
44361
46739
25462
24756
55688
31699
54873
27780
54997
44421
44046
10132
31860
28843
20765
31252
25528
30778
53354
24962
61850
32186
5654
38150
44957
12575
5738
48475
22998
13238
50891
48716
30264
16762
20639
25749
53263
26839
60239
12020
62663
20177
5004
23240
25221
19514
28994
55531
18192
43100
31509
15023
19602
24697
53620
22983
11525
63030
306
25738
35554
16260
52664
54044
40197
4790
48473
23420
13913
35958
3475
5416
43852
23471
30164
57762
31533
9373
10055
22654
30760
20838
46521
55087
30583
60819
26593
40623
29156
49652
52922
37188
34281
46286
53090
45465
46927
16390
43161
11794
48103
22165
14696
44586
49349
1939
56335
19283
62322
47212
54181
23037
55557
38812
40099
39402
31358
34280
25785
20435
45921
24444
29058
32875
5323
14503
2607
4210
42138
30888
4718
3025
19615
148
60290
58651
40271
49779
58414
59672
8985
37878
39694
36788
29108
11558
29484
25591
6847
36755
37999
36764
47711
48672
30151
59886
8803
6244
42382
17077
38735
39486
11718
4387
36871
10404
20518
53810
29986
60192
44095
56605
53900
60776
1827
13641
53941
31710
45915
23118
25652
30377
14482
13841
37214
12362
14643
20199
978
36874
9348
49842
52442
8382
24476
31903
3799
62227
5632
50911
19637
3064
10113
14738
3073
35838
5647
11514
55048
7929
40959
33961
2568
52723
54886
46549
30134
14589
31726
56821
63234
3269
51769
23911
18411
34038
52441
33943
2223
5422
31641
14387
56194
62052
34508
35660
33852
3657
40188
32214
31361
52668
47787
35646
29680
51023
52148
3316
18739
5512
45610
11805
30867
15726
34012
57455
53549
57370
36920
47709
44086
48996
19736
41638
17629
39287
16441
2995
16328
51344
51742
58381
54905
35845
43217
26866
44748
46921
3406
56413
36348
8038
59870
10139
4674
11556
22527
22823
10536
25709
63071
52847
41767
60590
44588
50856
18033
26738
60255
17851
53534
39271
13406
14888
4360
25472
6074
5112
18181
29362
3492
36819
59620
33504
47980
3491
28555
41135
14351
60288
20184
10141
25657
29348
30530
55502
44567
49841
63207
55127
33521
62800
41875
3105
29504
48678
14039
20174
40993
61336
10153
42725
2047
17190
33976
48656
41614
9238
21011
14570
52171
43767
51719
43699
10093
58206
63131
52898
15158
22089
11650
14515
27353
51458
39766
17848
40170
14640
41373
18467
11754
31233
12644
14895
48423
31798
26926
2099
26935
31421
26802
47810
48422
19330
6956
40941
45526
3562
4819
47166
40173
47629
4017
41573
1329
62388
57359
35012
47648
3357
57405
18783
36239
47756
56587
31465
48662
41425
29707
10557
55191
47839
60178
31274
20820
20151
44196
46294
38734
24289
14400
12723
39878
55671
15516
12233
29502
5719
49005
48412
22119
13974
7234
33701
37454
21000
42461
52266
37162
1598
29008
43978
47718
10185
53933
52300
52588
4021
38189
55684
36192
4487
38822
31558
30309
38188
56044
52515
45443
60758
49876
31551
46296
29076
31430
5506
16536
30105
48839
4795
11035
973
39585
53603
30275
53268
37225
52872
46047
54978
22306
37383
18699
11232
38739
964
39990
17852
30566
3058
22218
60284
43693
52749
14420
30656
10171
45276
25732
11753
35060
46797
48408
34929
12571
36875
38043
44289
23086
24203
52273
3455
23023
25494
10084
44449
47865
43983
52711
48463
54961
1020
11569
49650
30416
14716
58887
52692
5317
59563
12328
5142
4397
18121
52940
3188
44384
53562
57016
32358
5306
54907
49437
30129
37234
16565
17662
63104
25403
58574
3381
39920
8692
34239
56586
48655
20627
38398
49756
62844
11761
47932
38183
14416
31177
52912
40265
23861
41411
37382
48578
27473
25703
19733
38740
9296
16346
15306
26875
20559
59736
61264
17110
30387
45826
30690
52974
16462
17547
27161
44029
18781
61846
21170
23055
40200
31154
22144
61893
37397
27682
6736
49211
57423
50466
47876
52193
33756
11776
22113
8898
30312
30297
17720
14795
42221
19791
59088
19008
31550
41719
30469
20252
41667
56240
56585
11644
25641
55436
12424
38774
31940
51959
55709
41764
23405
61666
52232
18920
25763
30990
29044
52615
60761
10175
46762
43927
11680
36853
63147
48847
35357
33823
32299
32533
54472
59036
56164
19767
11773
12134
31661
42242
37446
40435
13090
45448
9007
59102
19235
10229
24686
10193
14614
44100
20384
14607
10065
281
33707
46025
20505
15655
29542
40990
32194
35040
12319
32025
47903
34051
15176
57679
37565
56572
52173
6167
33219
47436
25708
3152
44375
39078
51336
14641
62347
60186
33709
26927
15040
61608
35555
17892
61141
5974
29343
48243
19610
31295
44648
5232
40179
25661
55064
19684
9349
20034
37865
5427
14273
60634
62085
27645
14579
1694
59119
59846
31281
31945
30407
838
38375
15147
14442
14182
58964
54582
17119
25210
45518
11560
60815
57088
6723
43975
43618
33981
10235
54260
45958
25573
12476
56406
63226
13431
46558
22676
50916
30291
22074
40243
5182
2798
47702
24357
10225
4430
55812
58375
22229
57673
31620
8333
57037
12442
39468
14774
36818
55965
14576
61329
36845
1720
27671
24728
63096
59860
56270
46139
16790
3150
41452
30365
53183
59665
60142
26592
15336
63176
52104
31220
39445
13186
39676
10088
61506
20352
62780
37308
37450
15676
59738
53255
24408
15111
30114
40848
19208
12263
27823
53865
28713
52738
59715
36200
25548
47115
8998
59114
53711
17769
60585
31758
18307
31275
20429
19582
38418
15021
13830
28600
4788
5816
22395
14586
45597
23287
11724
50883
44096
3020
36396
25304
39451
39469
43015
37769
58630
4687
8442
11412
61823
19763
19774
53328
14705
30542
11668
41434
27658
31790
5465
43333
13623
59186
38765
44097
12714
31260
59511
54790
58484
22955
43921
10653
53406
31385
42512
20687
16839
51795
14522
33541
11621
54522
56944
52720
53777
56028
21086
19473
23904
14568
62185
62445
28999
40141
30551
44448
15393
59915
45206
22729
6420
47677
57167
42667
42340
30394
19480
29029
14577
4597
38724
29389
12505
6968
47224
1578
36259
63211
59635
29648
44085
5697
18037
40149
54985
25788
6937
6788
17910
19694
45995
3031
36246
37113
38097
50302
43909
52429
12107
16399
27114
3518
60224
55506
42300
46362
9242
47559
19729
10111
52828
25613
11771
53866
26753
23502
14308
10138
57418
14637
14302
53007
60279
31284
17913
34320
22447
4073
23270
44048
23272
37209
26690
5395
37190
44896
54034
5380
31629
24745
11188
48451
19562
33706
11932
14207
54918
39444
58968
63056
20296
4391
25401
45804
22132
30582
53750
42245
61997
61857
19758
17091
12681
20071
5491
16161
55906
62954
57438
6195
43926
52903
45638
25784
52041
26764
44325
2910
39442
11691
34297
60421
41514
31399
42361
14258
57862
18536
60272
15184
46292
36249
28452
38210
14776
31745
10971
20095
59674
56670
60152
25082
16480
3598
53426
49421
3151
3818
19785
51752
21007
50377
14528
60175
11916
35219
46016
43739
31892
41463
60121
22183
40965
5840
27743
39196
53591
51887
63160
31285
7458
60578
1998
4534
2181
14970
15636
55631
23608
40191
53438
53869
52924
31638
4031
14797
38172
11460
55071
35074
60252
23000
34845
35565
19730
19700
18778
43637
16749
48128
48665
61465
59528
42757
31139
19647
34321
62714
34421
20778
25777
29721
19485
11568
5541
53230
19695
20922
49777
41589
19252
19497
32188
17772
40154
26224
226
20376
9689
6588
19556
18754
23984
20464
14681
62150
14602
23711
32313
53492
42701
30618
20060
14560
14341
40178
44814
19168
23475
10160
62467
40572
31398
61650
48958
50955
61655
31868
20274
17580
11060
29581
40139
7588
30166
63029
23569
5908
55056
33622
23123
36785
32236
14763
8894
24695
54273
31373
52608
25734
29731
34839
51145
11797
11770
88
38034
52699
56260
13829
40438
45562
30432
44092
28140
20171
3270
19577
59209
61478
62087
61131
11510
56379
52836
47171
6310
58401
55550
11928
13135
50763
53102
47637
1849
23336
5680
44737
23445
57623
6895
53578
25865
34803
55277
459
5751
52595
1822
44589
12960
26527
3632
22495
16525
39254
43811
48866
56654
44182
52775
21384
770
32724
27432
36434
2896
29983
13008
42436
7581
23225
42393
4585
38689
26274
20832
13173
8786
56711
27877
22768
48710
15716
36443
5016
30677
20383
2538
52049
1185
22908
3334
61253
51591
3831
50898
49073
24397
55658
24127
57957
61703
36207
3322
15370
695
50158
8812
16313
62294
29410
16134
116
47812
57074
44000
9631
12554
6268
21368
55551
18803
58420
22505
2033
61182
29061
6996
1389
10282
25576
35353
17706
25446
39885
2770
34520
27388
54751
55657
49224
58831
34178
42210
15059
23910
13271
51285
16991
58217
37729
24158
27458
25105
54871
4504
5399
44489
12657
24223
2789
17423
63192
15420
663
50821
10022
23586
61869
10303
4296
54254
28088
58640
20091
7440
39248
45367
32939
46113
42448
10807
28008
7853
24280
33522
1263
39665
59573
45025
33477
1101
32817
18746
10439
54225
30602
49332
58235
61872
676
16520
31823
713
21834
31129
46554
47192
56805
52990
20000
29316
54952
52251
47757
9028
20488
48170
42971
6609
12259
24707
30379
21443
30858
18868
35297
10268
53829
15727
7249
3067
1222
19293
12313
42859
38888
51140
10381
59259
34176
43744
35651
5413
22695
61112
46124
43400
23700
25142
59983
7343
28374
13542
51579
4484
2108
2641
810
41735
24217
30783
32572
6073
42676
35596
587
16930
50219
19947
39636
38083
30975
32709
33974
62749
37757
61648
9420
55328
19280
38146
56397
36771
59265
56007
16556
768
28419
29914
8061
1427
62375
42267
62641
49607
8907
6523
36709
56250
11135
1816
29330
27119
58410
35177
32928
56451
19974
35814
48022
45899
58387
37684
51577
21199
43451
36275
667
22526
10897
1260
23852
1158
44929
48529
51098
51362
7665
2681
12923
5582
9908
61774
14228
6988
1446
706
38560
18375
43486
44707
16973
33171
30126
57028
41629
34646
23542
12132
15177
59204
32942
45752
41282
38044
32304
48436
60483
44506
9944
17114
40698
959
6520
1897
24582
8505
59216
26400
39337
32815
62064
57066
32993
59791
33770
55311
43380
3477
44344
10563
46453
58428
7757
41759
16475
33002
13241
59922
54076
7086
22956
60343
14064
15589
56023
62560
5109
25448
18306
61060
62091
6500
39097
45268
21095
38630
44679
46336
48771
58511
55148
9507
40962
6154
37770
15897
36232
5863
8970
53030
62063
54356
8103
47277
15864
5178
29944
39493
50322
30305
2693
32117
585
40227
12520
6096
32150
37637
59255
2908
7096
9809
51293
51080
37143
48357
12401
24016
23561
42605
15584
2222
60482
30924
20340
55644
38271
6203
8469
27406
38572
41610
51100
45252
4315
29778
15805
27439
48940
62867
27292
58983
37614
29735
6109
54383
51488
6795
9243
31968
6621
41781
2540
43041
2318
57230
11248
1453
38285
17758
51941
44502
44151
33938
39873
27389
54122
39575
31008
53932
51584
22858
55449
10886
15953
22361
32798
37076
3426
55945
59836
50439
14373
47803
9444
59125
8759
42173
49516
18531
41469
17939
23534
26841
41702
47494
41018
49866
36088
59594
2517
6413
37252
666
49974
1075
52070
36964
59380
59326
58243
40387
5811
24541
45148
22443
55036
49998
9441
58704
15134
24771
53324
31830
13307
38832
59978
375
59129
24870
41819
190
13842
61912
25351
4446
50684
12269
6549
51550
26969
528
39729
43651
39509
11991
24524
34591
22299
48257
4372
8474
8443
33474
53403
13551
49915
26552
32665
32482
3634
51940
37740
13515
25859
3333
25324
51665
22417
33428
1663
16088
53068
29662
57110
48460
57727
40651
57285
28871
36112
42953
36738
26777
33104
57795
13216
12395
2927
17600
15470
56491
24000
58418
15573
35259
46962
12727
27240
41162
6616
17416
16301
45242
43006
24117
5777
1316
42045
26355
59492
1159
61899
2664
57201
60684
47996
4187
28716
25313
118
20251
54687
62653
597
1091
9047
52856
49666
31742
38565
33908
206
62626
57328
16107
3413
55070
57354
52837
60924
11539
56903
21276
43747
10865
24375
28566
27951
831
53648
45096
13280
61663
7678
56541
61680
59214
51759
3069
50089
15500
53160
16174
57869
5668
19664
38782
51811
49958
61051
49207
32839
11830
32687
3950
23931
10542
61063
34042
40028
32577
43815
14269
43623
46544
952
35125
23493
29766
13498
53901
42317
21413
29920
4162
6670
39688
32954
30744
47760
8707
50654
37792
17532
9488
20984
28308
55382
40237
25112
13791
4991
44927
15922
12624
59845
54928
34073
5688
2262
4402
42128
24600
27546
55796
42291
4345
57832
51235
20680
21665
36438
43805
11093
22475
44208
8436
21206
39257
47197
10586
47378
29749
45835
2570
24819
32407
36107
45698
32866
34154
12879
57599
28468
50369
35240
48285
42858
36307
530
52658
15014
62372
58292
36315
59455
36009
10768
47501
9898
10038
61821
31646
26115
16857
28138
52563
13726
58712
49689
21401
61494
10520
32625
39751
5339
29597
43866
57205
10730
3670
28585
13786
24767
56673
31556
10182
34528
49897
26827
35250
54527
37599
541
24839
26204
52491
25690
49508
26660
55122
60043
28264
44534
60966
15866
35605
62206
12178
25200
60077
62682
41773
53151
41143
33166
2444
27711
61368
23768
41960
7085
44244
55337
10208
3227
19883
53696
29276
42026
16111
28844
39163
28340
36602
60601
980
57494
28313
8409
16984
50104
26748
15802
59662
8491
17038
20799
246
9117
27126
38692
29175
6557
23810
24532
26361
7991
15630
19829
51895
44632
45571
34749
782
27734
34589
54814
3990
10298
9557
43813
49316
20679
16329
25284
28504
2280
46335
7555
34685
47504
59561
8857
17693
60005
49099
52146
28144
55664
34355
28491
23934
26750
31485
31317
1336
53726
23509
9069
51032
24832
30251
43920
1325
3470
36423
46272
61533
25261
32352
51897
18332
59808
7057
9613
62820
6955
17126
38085
54198
17962
40419
5662
28878
16931
18737
47404
43569
1275
21032
37694
46979
17070
34400
21605
40671
12971
44802
32732
48485
46260
3882
47068
15230
46511
13609
49686
45815
31176
41183
23410
61750
37724
12226
25693
56918
26952
9706
32426
62337
27564
50653
32705
59466
6406
55231
47148
24074
63021
25184
12885
12337
62617
56579
10862
36340
22184
55708
56519
6870
58361
21634
51246
36456
31709
29724
53909
3664
5471
23486
18456
22147
32397
61234
22628
18769
50332
14523
32424
32060
53836
27495
51136
34730
15314
8156
16005
59044
61938
23693
32837
16109
28601
51
3506
57746
5782
30102
22158
37003
40076
19581
21583
28896
29520
42879
26521
6977
25736
50522
27807
28874
38451
7072
37650
6257
61927
56117
5978
26317
51802
18848
49085
4951
39165
29289
10489
44736
2496
18970
55196
13371
26086
52969
7419
39218
199
4616
32101
50217
8040
25353
25816
53817
15694
11130
33145
51093
1981
16827
39586
1415
50438
43621
34354
42624
22096
49473
4969
39419
34061
25997
55173
16711
10627
38842
17231
29973
18857
8365
8141
28439
627
15849
49681
37985
45301
13435
58481
5853
40412
57651
49963
61569
24766
28274
28220
21298
28581
55027
23743
10470
47039
50596
50011
61753
47236
17544
4452
5749
6540
54680
22959
9819
33623
58016
35775
57115
53169
56765
27583
45523
61071
59449
3196
14861
40791
19451
54741
55786
47189
41830
62645
60307
51021
49922
29825
18236
61930
54437
5015
1434
23202
33656
62522
20552
48632
12809
2590
31364
62349
6018
45601
57419
38853
8271
33058
50700
22547
52817
1066
55066
40011
45624
12250
45679
61367
8203
57798
11068
2797
29970
991
45848
52356
39027
14866
8696
25415
37191
43585
13504
52436
53940
60489
4249
14056
33045
29695
58662
17719
53570
61172
49569
2792
28564
6271
4432
22825
12110
52315
8476
1097
14462
52821
15565
32938
52955
25379
6485
52865
13958
60293
30224
37442
10580
19134
1594
40209
24212
7961
39446
1435
43776
60834
46731
52559
54075
8004
29779
38417
573
19272
8937
63198
9798
28870
12094
32634
45260
59066
32262
14288
47336
10409
29043
32605
20541
56482
40752
30147
55046
13537
57372
2046
54902
37082
57537
28767
39785
45171
4743
4820
45440
26621
23777
57449
46469
4040
38540
28732
34013
10617
60154
62928
41587
10297
50101
55668
15203
34917
35348
19686
38073
34818
54878
54253
4494
6467
16746
43887
50268
31054
7558
5111
32422
51341
29677
44443
212
61795
17342
12493
58513
22648
54226
58884
60850
39243
27679
31811
16306
42057
62860
16907
27044
45632
12999
385
50205
404
37210
7391
14941
49863
41952
21333
18162
29844
37939
229
34450
51095
15376
38508
50766
56688
4868
4514
59639
23841
846
34620
4758
38302
60863
56533
20147
18158
45189
4966
44248
30337
21695
3215
49130
30306
51435
32795
25881
25072
35948
16541
59578
29357
62181
51340
46525
26249
6545
26413
42321
31719
5700
30008
1918
29725
26718
5801
30263
15894
21117
40609
24969
54290
47753
39529
2460
55377
53741
4326
56897
3131
11057
57362
11125
54357
59532
16597
16791
35710
49580
13078
50868
28161
27853
48504
23223
4225
14843
5578
36943
50604
44434
25008
53146
24251
50406
31772
56960
8506
53717
3297
48125
32600
47593
51654
52005
17411
39131
59815
53989
6228
14142
28496
32895
51350
12057
8989
10844
7438
5234
7015
36888
29189
5837
27456
37620
7497
23770
13796
7019
1606
37121
47573
7761
46639
54612
61407
94
15388
13658
61100
57852
38494
36193
58886
18957
59001
49245
46149
12221
33266
13426
38350
61168
57452
27031
42073
61305
59235
8728
45489
17318
57687
40622
28323
16575
28024
15809
46516
13668
12262
58230
53018
7818
12904
33006
26715
27745
50015
22298
46925
34299
34772
22248
36390
50284
61464
40526
55591
32133
39488
14215
40195
22438
53682
50147
18338
18485
14942
63166
33194
36983
37002
37311
13467
45840
51931
15537
51902
15048
16356
34617
60317
16654
5221
5971
9157
1448
12009
61483
629
16094
5736
6878
45733
1249
57236
45408
11122
26422
26995
39564
31633
56092
43081
51483
8236
13794
37570
41935
53353
20114
22056
47240
45657
60376
26814
16504
8317
36576
17203
15386
1557
51434
40788
53419
15697
44
40304
20347
8196
56568
35148
35226
39508
31943
48075
38954
2752
33651
18651
35201
44181
4389
42328
58912
39658
41501
36487
44592
27148
39674
45290
17591
35248
49400
54597
16669
57212
18879
5352
13096
25073
33489
6686
46585
16224
9982
43013
52448
23773
58052
256
16386
60002
8779
44024
55080
38713
46115
320
51054
42241
13129
49096
60298
27096
33671
22304
28602
39723
23099
38103
28565
59950
50196
53848
40287
4108
7586
33191
43257
37743
15051
39322
54324
34627
10556
4852
39246
3508
11115
30292
38877
10531
16061
32792
54469
45360
15973
33297
62149
178
2212
33800
7141
7082
37273
24350
37763
46663
23024
19640
56275
41167
63103
49949
12568
12117
28726
50778
38863
7233
7614
35193
9138
26354
9090
1276
7992
5608
54096
49447
24996
15340
17751
4448
2465
1921
3550
12829
8647
2338
7224
23409
30127
17987
15878
34876
41252
50433
820
30715
47989
2574
15510
21943
55220
1740
2766
2330
27182
16152
45103
50352
16888
5783
30739
52256
37254
42848
45845
34155
4778
12314
34693
33146
22390
49928
25951
767
28275
61825
54793
39566
1056
29711
243
47102
27177
55581
22807
3425
23005
23737
54257
11705
61798
16854
24750
27349
38265
20694
8242
34186
57164
40345
57093
58138
46535
34137
7451
16446
9402
21625
55850
27504
6731
9073
36458
3613
39141
46204
588
9956
6363
61976
14146
20958
42630
58325
45538
51497
41718
7754
58182
32664
19925
31992
14509
12170
9905
53897
28135
34453
4143
6381
15425
28310
4554
4333
716
46114
13097
154
24466
36095
50518
53838
17356
48282
32720
7521
13298
8690
9060
47291
53960
10352
28074
20507
15235
50679
27123
44260
7648
21676
52760
5638
11843
37828
13736
21209
15794
38061
29626
59468
12463
43750
34973
32335
17173
50061
54270
975
12659
60303
52265
60458
39892
8807
60022
46841
32005
29901
31201
28307
8462
43312
5966
3182
58925
13424
38304
43674
27986
29845
34204
38475
58105
13074
13024
61685
10319
9236
21228
2958
32926
27515
2209
58746
48933
6173
48124
55479
6862
38450
23834
57158
20424
35150
62471
1195
26303
18492
32560
46029
49732
37274
34810
53137
34070
934
44900
59681
40328
42437
12054
35736
24012
9568
13655
30784
43772
24031
38226
17447
11177
24446
23461
38985
36618
21141
23180
9983
8401
21525
60049
2458
24178
38579
20003
44676
12559
31561
61572
19125
2614
34775
46881
37760
9765
36706
6859
52557
22198
30713
23517
12861
36834
17304
12102
26093
1645
41856
47668
50512
13779
45436
51289
40629
28471
59413
41357
53076
38701
60852
13301
18331
62001
6948
54021
54434
46243
12916
50820
22634
28500
10773
15940
1592
62659
8778
4054
21768
50665
14793
29203
29530
18304
50203
21760
59023
47882
7242
917
19909
11114
51792
8374
35461
51652
13706
15252
40087
43293
51071
19830
34110
60906
63141
7390
50105
12198
9116
44940
62673
57351
57124
62760
51954
31051
57989
22546
1093
12848
57941
46900
7317
6239
23807
17572
20281
42493
55602
6289
4536
4082
39087
32446
27366
45858
6079
59605
32281
49363
6819
60806
7180
36425
14086
5107
3572
8454
42411
23837
27435
3811
32342
42781
49344
28267
36631
7748
46082
12868
41214
62291
20353
50343
26835
33607
60330
45732
35572
47525
49416
21063
34101
52240
2923
12018
21997
29966
59147
33271
21445
34292
57745
55994
24065
22358
32562
5364
32612
28567
46391
12747
15047
54462
477
16844
803
27551
18308
36546
51065
5101
58013
16832
22508
12038
18568
55224
39536
7786
41723
34468
21921
58229
44363
52675
62856
69
16735
41372
50709
4695
894
1518
27104
56152
36801
12521
13564
28217
48327
29163
54473
13401
32381
58686
43290
15778
28269
34416
62869
43724
44410
5879
26843
9594
2609
32510
15122
35509
31810
49579
57295
1305
60798
25068
1203
10754
54224
425
10495
48577
46051
7622
58547
27996
15796
2514
8386
59123
41374
4648
45001
46917
31136
2893
63055
15034
39012
49556
42742
6822
41918
58054
59577
30926
6393
15043
9781
36277
36645
30806
22063
39311
22143
23371
33187
20056
51248
46634
8538
28407
7147
4860
45892
50108
35722
7191
42091
27962
51845
2929
8162
26008
46878
9614
61123
40984
6835
25456
26619
30695
35098
13283
55605
51709
17570
2185
42968
61961
3405
27374
18315
40290
54570
9888
45894
43727
57899
38361
58486
21350
29841
45716
4869
58460
8446
6258
48131
11832
40480
40482
46926
37797
56385
19708
63078
25222
25792
17174
44873
53961
6857
50028
58680
6162
30300
35258
60888
68
35374
30934
8151
48570
20658
27235
22614
1138
12536
22439
27594
32128
9308
61740
23660
37145
44714
50007
60225
37767
41836
3746
1052
35670
39387
12261
34198
55020
7424
50694
54474
51585
48098
26482
24632
4116
19405
44829
53209
25985
53220
62474
38149
27565
15872
63182
21281
8866
47042
25176
48603
61816
27522
6197
8602
23791
61104
22044
39898
47986
27870
20833
21187
6346
49557
30510
57319
2017
53767
12976
11076
1693
8465
3841
20918
27920
61970
51306
17265
56140
4842
19264
42298
31057
30104
27100
3077
24993
2199
36409
53728
14280
22040
54916
24978
21540
7073
3230
59495
58803
40454
22842
29499
29616
21723
32722
23348
47536
24864
12204
43507
26286
11846
13140
29138
17136
52870
7797
62912
42641
37894
21408
19663
27344
30965
18243
25922
60286
48059
53126
15346
54973
60304
13365
13213
56193
33867
18502
28517
43671
59005
55807
46159
7296
10983
48875
238
62515
42943
7108
29413
1092
62921
18635
62735
51691
9145
415
32180
26940
35732
23809
43614
25106
45912
5327
40098
29438
53156
2132
27329
19190
57380
29222
47722
308
4755
30835
49424
48064
43678
5664
43666
25005
34138
51292
18284
5961
2431
43890
17792
33197
20749
24606
3448
58650
6907
4348
55371
7479
23206
60020
9214
47584
3498
62916
7231
4193
11348
56945
47481
62032
14913
44905
35451
54860
30928
9744
20363
14746
20226
9435
57835
22870
38670
6950
2990
54197
29443
28130
4947
41799
39654
3110
27002
28573
1850
21336
16547
41906
18168
59230
44241
45024
42286
8808
61029
54377
57790
25820
13242
51582
30262
48250
1051
4955
44126
6882
41588
53639
15666
5828
15719
38585
26493
44616
32693
5261
46849
16168
21061
51284
33873
30071
30728
8186
9641
1615
7596
5710
28935
58064
31084
29543
2339
40421
22047
49575
6695
50252
37526
2500
48820
15032
40563
37315
11905
61230
14518
32449
36211
17543
40582
20549
22917
20827
58567
17894
45794
61042
47561
16436
43837
7459
31003
714
49596
9318
26498
41944
45429
28434
33847
60551
3430
45280
21108
20683
39770
36538
12091
24188
1246
39777
22765
44236
9705
46752
21880
12196
11039
50204
39970
34817
62797
62562
48925
56787
37843
17920
60380
59755
14284
34056
15979
53066
45191
30395
7172
33137
23947
60715
16994
55530
23470
36885
6251
56506
27803
56201
5772
15807
15481
28331
41249
9287
24023
27924
35245
12662
11667
3688
60220
3646
58289
47941
15678
39556
52248
53956
23313
62568
17924
36158
51217
11895
59522
53607
26763
16395
28822
17725
38088
47258
1504
42318
1270
43520
47664
45547
15856
50233
57032
25297
11038
56226
22919
41796
10568
56513
32668
19041
28851
18667
5311
11611
22860
48455
47478
2059
48924
53996
25897
15126
46514
13948
31911
7403
38024
52935
32387
23701
749
3919
19066
61654
8661
53194
7572
55452
43519
23132
45909
16048
62279
21107
26153
5270
48065
1171
8366
55144
62285
59864
51994
56647
17552
39712
52150
39978
45644
50770
49738
59506
29613
59386
38045
56847
29403
7765
23849
13232
18046
2759
9325
32371
53517
22972
1790
54228
18683
2244
34071
25684
5764
8107
53892
29169
42029
32742
25921
32813
6050
4058
17254
34695
26169
37998
12365
57720
24904
61299
35482
46580
38879
5799
5061
1373
54736
5819
60955
57019
32235
20410
9563
33044
1143
39208
19844
21759
16351
14061
18026
57515
15724
60640
61487
37112
2951
62602
61255
27117
42562
44702
41209
49343
6951
31405
5337
28327
45362
58317
43118
50197
10324
54806
9848
41915
22585
40531
19349
41760
4716
53478
32780
22507
16303
76
39638
58224
34673
270
3129
57509
16695
7418
21808
27021
13081
58368
59045
27024
40523
61836
24589
8231
35388
37969
9864
12758
32864
7284
13703
9194
51862
39599
52326
22203
42196
8257
37589
37884
24939
47541
8784
62599
48606
41280
48076
36620
56480
22996
23329
43
37414
61879
43328
60006
38730
28021
8592
51135
24761
62118
29075
44472
56009
29900
36432
47792
56724
35663
53878
46590
56056
83
33050
27944
38998
22601
45889
27921
61539
725
53693
45556
17222
15919
21594
9124
25153
15453
6928
4252
44643
12422
37818
58927
51812
4399
29659
56809
29298
7699
45304
18810
38917
56752
7413
875
35712
9237
1317
24488
33118
62239
39284
4038
30303
16727
22540
49521
36727
23734
37915
24641
34525
5627
13138
35282
17401
15942
28376
13063
13053
32380
61020
29179
24662
60894
2535
40399
54665
49197
33904
9320
23831
1767
40089
45947
26172
3383
57805
33633
33390
13758
14059
7316
25547
59471
25438
26904
13166
16308
442
237
43269
56046
53015
314
48676
27651
4473
1726
55618
43311
26149
47356
17015
59497
49748
40697
38030
4165
38623
37043
62701
35818
49321
54484
33416
9100
44770
38504
6509
40086
23191
20579
1148
14653
46247
49668
24036
6800
17156
55172
29728
34931
57261
58036
12375
9071
15035
23740
38544
19779
2565
35668
1223
9372
46334
27932
32683
29682
33625
20600
51974
183
35553
29282
22529
61911
41556
18622
53133
9408
39532
46168
60410
31172
18727
31239
7539
3825
54819
44184
46741
131
58960
46598
50476
5207
52501
58281
28572
22816
53849
22704
38483
45962
23913
59108
57106
58040
32323
19156
62325
15951
21318
47482
11254
26956
40802
37521
21238
40694
5104
47194
16269
62076
8686
30872
26467
27222
29649
3829
32199
63000
5739
26909
13937
40872
38898
3577
13268
56065
17020
49279
45957
13317
19121
14199
47252
45993
31095
23519
43797
46606
31801
5733
59628
62267
17453
50216
52508
2025
12030
5117
3456
38385
4069
6378
49660
6719
57338
40794
21426
35693
19843
47031
13835
22556
50103
52117
54171
35203
54358
28306
3609
49677
34950
3603
47961
19230
8377
42774
44500
15457
2467
17018
48584
55146
29974
55376
54480
151
37914
36105
46627
7707
1456
47454
56468
966
9297
18501
50801
36483
36545
56895
27634
13945
36437
31577
3641
24548
7952
19434
41925
24510
28061
7840
52481
19332
61551
54441
50612
41511
21701
32833
61039
32278
49107
15487
3263
58280
2935
17267
19096
42793
17258
54713
22456
26320
8552
60708
9368
6949
37376
17137
20996
43538
59514
21897
50803
55601
8111
583
32936
32012
21533
17954
4156
20478
34381
46724
56970
5651
29244
61035
19199
2522
62088
45131
40635
27109
56029
28287
62480
24892
55017
57399
13930
34677
42072
24783
35500
26184
34982
34828
52888
28270
34247
55109
23976
27185
31089
16490
21111
26447
38230
17003
4269
48016
57313
52959
53640
5158
44785
34893
44109
6593
1372
13436
18587
55494
62584
15407
16073
36884
4830
8054
43605
9741
25718
42797
52380
10745
18854
47352
63043
26324
39348
25246
10982
17154
44959
19182
48083
61219
34754
57838
2954
38825
26515
2655
6116
61801
42583
28422
10529
35133
44569
36931
25889
12241
21463
5379
10265
15241
34115
45174
437
58190
17380
5122
57387
55886
15164
10272
15962
36055
47311
59398
22142
5793
41189
38789
45713
52580
51581
19415
13845
51107
60597
14980
33965
47948
51698
7089
2725
14314
25274
21431
25323
56612
58165
21569
20968
47274
26663
47078
51380
53067
61827
32112
41228
47033
7065
46873
38658
37735
42089
23390
25959
11973
1146
51760
17691
10344
56131
50941
60809
45340
14885
20319
549
25012
35701
32475
25286
34371
40611
55409
30619
40685
42466
22384
53243
15426
47761
58429
53173
52496
56183
363
39833
60565
58897
16967
45457
5124
38938
34233
10765
31607
61156
28214
35401
2081
53327
44253
58885
46679
21773
46373
50588
59426
34935
1375
47025
62365
59951
57760
27489
60016
51270
54354
4766
33493
873
22973
38534
11149
20715
19822
4338
50702
16699
44675
6541
61323
48950
13692
12066
1238
55858
62951
26548
9683
28595
44329
5788
47641
39702
40548
6350
50600
7535
39593
1176
60897
17857
7460
55707
8880
38042
10154
39487
14268
30534
12942
46327
49310
1979
35986
58479
16586
36703
34437
29861
49964
28305
54258
24918
12867
51883
26535
37648
7688
1528
8099
53197
1124
24675
40250
54378
16795
46350
62787
51391
28830
36174
3953
61325
45617
6974
42936
6324
55236
58376
56466
11244
48500
49018
4546
30985
62823
8110
36190
16741
55784
47638
36165
1086
53286
10955
10498
14002
4151
39979
2269
21486
20606
25426
7217
44710
13792
16140
57740
37772
31055
22405
47907
45986
17561
10442
48151
24677
50081
21352
47151
24091
622
14047
29078
1445
41849
46367
1444
61725
26174
58792
51378
59264
32772
13252
45366
753
45075
11313
53352
46556
46755
8251
38126
38899
40335
59762
33469
47687
53673
59959
36203
34118
47693
16728
12266
44520
41322
7541
34674
57581
11209
5682
3509
4552
24720
23927
7446
16255
39231
9231
51444
61744
51436
48948
648
57341
21881
35714
7173
20074
49068
32925
35487
52271
53629
37682
58721
52006
24684
23687
57477
50904
59048
8329
40625
19424
34318
21135
8318
55218
28945
31690
42609
12634
39710
49661
826
1050
13121
23601
43394
56707
43010
52850
49827
29308
3052
4275
51957
15646
51860
50437
18491
15200
51807
22599
61675
9930
38559
1866
61952
48133
32507
6760
21785
52172
2087
5630
45284
54963
37895
35351
4371
7178
52097
19317
50413
27619
2679
15558
55997
51599
8393
61607
53585
46809
28801
47977
3216
28234
42039
12137
22596
49747
15025
25505
27840
16299
13852
45861
11195
17883
61350
36482
2470
45895
19928
33368
42907
23095
62849
34542
52253
37925
37356
47269
43513
32291
51926
8171
2872
6563
20843
62165
50529
21489
718
7866
43902
4012
48329
32763
11654
33
41058
24919
42842
2597
43537
13892
56497
25385
51511
57393
25702
50282
45654
60425
4801
58555
29197
9946
15629
4155
302
44309
47058
53695
52851
29374
1134
20562
27614
47200
37613
48831
3437
16819
8313
19464
39249
61401
11390
1791
8915
21993
33727
24130
41973
35185
36141
29929
50329
40033
5854
53663
49695
46828
9752
21146
21514
36290
16454
849
26851
18867
57116
45140
49921
27010
41343
35876
8404
45749
62247
51133
37645
298
29406
31862
33315
58267
41485
31744
42181
4185
18393
4147
23637
46212
3416
22790
52470
43616
58839
53583
35138
22077
4217
7016
9634
7865
35549
60258
2304
58875
12496
3675
41550
50909
57105
50358
24798
4091
48737
55369
49379
46948
22994
6890
10196
54450
32608
43310
21854
3842
46960
30959
31133
45539
37072
21268
53165
60870
50060
61380
46010
13585
26767
32097
33971
19060
51605
37037
48032
8146
55375
42617
58265
47483
37796
27215
17109
55797
5446
28903
42575
32601
60918
34459
775
50968
59224
37545
12783
1576
8169
2684
39245
56511
54057
19428
62331
33279
57136
21851
16164
23397
50208
48071
61535
6944
9952
57572
21791
28108
11807
22868
38300
17144
53633
17165
42626
4825
36329
62647
46359
40051
23677
58921
22716
24741
27911
39202
54824
10665
12572
12873
52437
1724
32051
27354
54268
32748
42276
6904
59296
55799
7297
4438
37427
2608
22995
9224
57224
16530
49027
54142
10939
6464
5950
32377
25814
36017
12958
6215
9329
59448
49124
25119
34331
46200
11252
34729
24170
61189
2442
5030
30886
26986
51128
4469
28423
58189
38293
62500
58997
56319
1191
12119
60058
43798
27636
29739
17621
37834
43294
2225
57725
6178
62100
19120
2515
35648
60957
14011
10562
19298
21845
44796
52702
16750
36554
55862
24546
1328
7235
7490
45976
42603
41059
19836
54517
18805
40280
28243
17477
46746
55810
13415
33875
316
13368
62983
6660
46466
59013
37635
31590
51756
33201
2675
45691
48023
1082
26038
6896
6105
55078
63033
6163
29797
39846
10937
14946
9466
5372
52292
36379
25925
50260
58293
56188
36359
20146
52829
26397
53010
39330
21679
9406
22282
48734
31328
52596
55705
39728
33896
45101
19800
6667
63064
14167
28513
49204
16629
16592
51321
6379
23463
44493
32967
7657
22078
55415
17782
43383
23780
60730
4178
13229
60375
61981
55716
9884
616
7203
44784
719
42427
50986
3784
2553
40643
3718
21918
18219
3487
15610
12786
42440
9232
51212
9246
26255
38470
38846
50076
19014
54616
23682
2252
33249
17142
4491
24341
52086
9692
52120
4395
4878
45351
12839
23989
9468
4880
44084
37946
43105
39099
11448
6402
8694
26263
1650
50793
57040
26509
20172
63061
1799
20736
61555
2349
10479
53050
62407
42040
43728
52272
38453
49010
61479
62521
26336
13700
27639
1682
22606
48035
35681
59853
50097
40719
6078
29414
24851
12822
39625
9459
9171
45495
47635
15228
56308
34718
47451
51778
47962
3373
8660
35247
54040
48852
62644
34703
21503
58141
35907
4845
39800
9763
50539
995
36133
8139
9777
6321
41541
21633
15429
42243
33841
2712
36911
37960
11299
42877
26723
42113
23253
57385
13269
12541
13767
44723
35934
24194
1393
58186
2296
20152
34098
49906
24274
17861
24866
55077
62205
40662
34458
43285
60904
48337
30055
35274
50501
36109
55600
24763
295
25041
46982
50943
22406
59270
28523
38277
47627
38018
62738
42190
5046
43870
50154
27101
20509
46346
3926
4385
43534
27934
5212
59154
26452
54999
5704
50580
43814
14927
49106
39294
29718
33348
59159
41568
42168
18713
7621
47596
15278
27262
36981
7682
34870
26818
15259
49311
20315
26666
23186
35709
5119
20487
37347
2045
1967
27890
46199
27063
59779
35318
29455
57856
705
30196
21728
41308
14055
42464
32249
38919
36539
33788
10385
24231
39973
32152
41361
13267
60464
57193
7358
46924
16545
46056
57149
36002
63031
24972
31647
46275
54262
54108
15606
37294
61573
36990
39369
34991
32243
36268
5766
58631
15975
48664
8016
34433
41887
38280
18959
50242
54212
36031
24097
15505
61113
9994
26067
55988
45335
25870
37945
55263
36045
17255
16578
4575
58351
49945
21020
19375
10255
56607
38697
17352
17968
22385
24433
25442
33531
53458
39089
21922
24044
39170
27346
45931
55347
54039
46076
56025
3936
1476
62723
8026
9945
51411
15270
62252
18420
49425
50187
40520
45762
56171
52796
18721
35350
13651
2740
40281
39553
51710
31152
1699
1607
45806
13492
12105
30607
25947
54288
39084
1396
5989
20966
13599
59484
53558
62043
47853
6519
29106
10023
44831
28194
57335
12612
39222
29407
29823
28188
62314
1713
14879
8064
60914
37905
39535
59262
6886
2364
14202
43654
30678
55202
48486
35686
56042
23550
20334
41149
12514
47850
18222
53171
8028
55378
654
38341
37812
36337
47570
58593
60641
56464
44617
25656
45630
49126
40464
38262
1842
26529
40375
26512
57389
61284
57938
3596
59289
29916
41324
46692
57713
56991
10522
54106
25173
22933
2166
58806
44148
54974
43430
41038
53424
4404
21367
15459
48345
42921
2275
3533
56564
4545
19110
36199
11827
42071
41069
13860
62182
4427
37473
37883
46235
33179
18890
34206
50681
23338
29170
42758
5888
14023
4243
52549
28057
1312
38541
56881
49105
28248
13110
27718
41681
12051
34270
970
41154
41253
29794
7360
28750
57277
37517
47399
58132
4356
6470
20453
9050
46123
40244
48574
20950
35912
17391
3962
17877
49809
21212
14865
33663
48807
23524
16026
12240
26953
53407
11920
9793
28724
2543
51798
33213
28761
38047
15443
62891
59128
44210
18081
8873
22354
5942
54375
52871
12124
58568
39336
40877
3282
33732
9038
26056
45068
21476
14374
7784
16922
60011
57461
41700
28781
38642
4859
15362
56730
28876
47299
34493
47751
52768
54289
21547
19444
39331
17550
57469
13602
47891
61395
41660
57176
28971
43830
1826
13539
34776
31151
22948
11683
51185
33052
27532
50785
45245
39724
8781
17175
4565
25205
40331
16108
60668
56447
53372
58736
61793
13297
9172
35117
22482
2029
24943
5431
55265
30869
145
60350
61374
2528
9307
38978
26170
49636
49552
12643
51339
10012
58435
62942
49703
36365
62553
10959
24010
328
50507
21466
35085
13395
21724
37198
46875
56483
29461
60353
50921
62940
45645
51916
3839
49835
25608
7807
16015
4837
58454
16030
49624
33061
44619
25080
23872
61451
12282
1622
27717
22105
5510
46637
50480
3712
51765
7484
48474
5230
9657
51402
24037
2733
59382
25826
25874
7935
46901
13654
36551
8927
39745
25720
19315
4461
42721
34479
58549
9625
45231
12851
16485
48073
23388
24482
2630
1845
47979
6555
22175
2868
38524
42288
24855
16535
19189
48286
59963
47733
11833
24129
45727
51076
20674
40214
29833
54158
24493
54515
50333
20307
22542
29742
62539
28049
221
829
50504
1049
9988
50375
56962
60917
30393
51806
41923
30068
13553
38809
29807
32912
26886
16272
4377
26828
42156
2669
954
1309
58029
46148
46396
2393
59703
50288
38546
39180
38650
39548
3920
25096
19184
56923
24148
56206
31357
17282
7443
37493
45763
2731
13258
58271
60685
38790
24626
34158
19994
49128
13914
48512
15440
37699
23129
28700
51006
11418
13559
34690
15127
58629
52431
16
19982
55635
21699
44649
11749
24823
16829
37333
32805
1118
24733
35988
11744
17359
61881
30184
59923
14233
11008
591
57337
43888
21450
39142
9714
12082
22512
29939
17636
32791
8457
921
6298
26524
21279
36214
2968
57117
2447
39206
27952
48952
29898
18817
9042
37515
479
10290
28583
15414
24206
37325
57810
43984
45136
6725
15403
60102
136
3480
6010
25781
41371
10378
28358
2443
12594
44971
11647
22178
23960
26101
7145
46783
59425
15384
21053
5018
56742
12739
51944
7653
33398
56247
35305
33568
38891
258
10336
4087
18705
232
61337
59796
34805
58740
52030
15091
49582
53404
54982
51177
32635
15848
2649
59422
40094
30838
62418
52726
1815
31674
38118
56277
25329
15814
2413
11922
62382
55171
21470
49653
49588
56563
60559
5131
10534
17149
22934
29021
9266
32752
30418
39985
59182
42830
30502
17351
39673
51480
30767
10722
2813
45944
20789
6827
41659
58063
23869
27788
2800
372
26377
39811
39671
661
19572
52521
63185
10372
4130
36128
29812
52114
55079
11365
13809
5000
5881
37508
48499
44188
55157
51516
8936
1937
711
49956
49976
27239
61260
43662
839
16648
50939
2143
20082
32633
32762
17046
33257
12773
18412
7186
38962
54926
16199
7247
55416
33454
13751
62766
52673
39340
57961
48912
671
44540
13920
8270
18623
38555
48510
36102
15094
60864
44501
1417
57080
13952
3271
5780
33067
34765
57906
40337
37479
21394
48591
30165
8679
54396
36571
43191
891
20020
44890
30863
28018
55492
26039
56229
25648
36424
43288
8614
53106
57482
35807
13697
25612
19205
26570
29251
47296
26945
18489
36223
5203
4373
9909
26256
62025
27937
52782
39701
53993
44894
10624
57902
931
42095
16491
34924
54693
75
43822
9290
25919
32069
19107
51305
4489
49242
23395
49350
58490
17902
9147
61768
6997
62173
20418
50346
6647
21302
21896
33698
7873
23028
59191
471
21411
46723
29811
12479
22500
52121
12025
61847
42945
28241
10516
33189
13868
6744
17028
38139
28483
13373
54058
28016
2930
50189
34500
17291
38768
7045
4786
55936
7376
56887
26173
34630
56543
20268
8018
32898
36472
16988
19112
2847
3382
17795
22861
242
41028
3748
40613
59060
15061
48387
60718
1228
31784
29456
19100
9514
36159
29663
37518
10443
10405
1737
1755
1256
3824
39743
39334
1224
57643
31240
59924
5661
47126
54863
32372
8212
7162
35292
55469
23557
24229
20015
43485
54691
36096
38462
29943
11946
6867
47723
51301
42665
39798
19864
28638
32423
10712
37942
56474
26080
20935
44655
28436
46949
30707
10881
21842
15806
60883
1485
5797
4581
41052
15391
14952
12790
10660
2785
7488
32047
38394
39546
46342
47313
39989
33116
32345
7878
1388
39250
51324
30811
23926
31521
45607
53080
16605
55787
10572
25232
44011
10482
18294
35470
34904
19568
40014
50988
129
43517
48766
57851
48046
60749
45757
42659
41945
50683
33307
6136
52938
50740
1057
33450
30199
49259
35879
34836
9454
43970
8620
854
28365
5174
48203
38856
51008
51106
4505
5519
7255
47491
8422
31097
27755
12894
44911
4234
50372
33109
969
27637
20085
2250
12296
21913
9310
12101
49798
30376
56926
56532
17817
22915
26160
42969
32735
41204
6019
40104
59315
45170
27837
13146
10232
52282
40261
56790
39578
11033
25402
32114
43791
32689
41503
24640
21088
62138
13730
45527
53116
14547
22431
18595
61992
29258
11850
61027
5763
8925
16655
5897
13998
8260
15320
20734
48311
3460
9135
34724
51096
29936
27707
28131
1174
330
45502
37100
15923
26487
2786
54875
50674
23448
35311
30846
57190
61993
32977
12777
3594
47799
41205
2422
841
14834
39317
999
1234
42636
22015
17665
14920
54774
18696
11203
7017
8695
45941
35537
5808
1241
39879
28251
24142
39752
29435
51272
8225
57439
19896
6566
43360
32153
35923
50384
51346
41824
18604
38318
45240
51424
61799
48758
17132
24622
57181
46969
51865
26983
54423
37170
25320
26768
22449
48911
7227
55829
1424
53241
28301
39304
14205
15538
29214
45404
6983
55614
52261
39958
20397
23286
21608
59780
51387
50771
18650
52136
21372
55672
13825
22326
59441
43070
27402
27183
40705
57081
26888
57242
46958
8412
47936
36597
33176
17362
13013
62802
7238
44760
8309
25152
55016
53702
32531
3423
46128
54176
53612
3340
34896
1777
40976
54362
61019
52477
7423
59435
33863
54703
46505
14893
2363
8384
9621
13312
34897
11671
20497
13665
1236
15735
18423
36604
2898
44703
7726
59852
41848
35990
8555
41307
29201
60438
961
59107
7467
44925
16779
9823
40741
28158
48615
4598
59381
51626
58362
31574
20790
27261
7374
5963
39001
2593
21475
8109
50094
25706
36917
25291
15748
29235
17043
50902
57479
19392
10977
57972
40453
16000
35781
34261
51639
14128
37408
61145
24564
38738
52591
33069
8648
7310
27547
24399
21039
10645
7486
46348
38236
9193
60802
13505
55627
29620
62774
26668
9299
37063
6478
23856
21178
54931
32488
58467
38225
60810
9045
17579
712
53136
17880
55289
21441
9493
43506
9431
1963
34294
6323
57119
3830
27295
7931
3394
4227
57511
31273
37367
8339
915
14471
4849
26143
1599
346
58586
6734
62692
24924
42358
37509
2058
49256
10488
41106
53486
30047
26507
1935
29870
22220
16674
27053
46018
11245
32832
57928
18249
3537
45463
15580
51876
26632
17606
9401
54549
27214
54649
41070
47589
61553
12356
56293
44321
50929
12955
37066
3734
19301
46203
60274
53362
40002
32704
37181
1377
58571
7078
46579
46581
8608
54269
39232
3240
1968
32071
25436
8227
53746
46868
23607
31414
576
10173
53298
21861
24376
16718
160
38283
59332
10249
33842
44543
57998
8202
33980
2050
44124
36726
31210
54093
46356
17849
43410
51052
29628
49017
23628
51468
53525
60262
13105
59331
45651
59069
36168
9140
59921
60680
51501
9566
60553
50567
32438
22288
61791
14464
34851
50582
55434
48937
19867
16248
22755
7663
21720
23805
26063
9251
50779
34941
52026
16044
51685
13083
29790
34857
27894
44820
36480
49769
28854
18004
36915
42416
144
4218
51152
63143
908
38127
63038
37549
16754
12425
13587
39551
10935
48205
55998
25561
60450
6007
20190
10350
49912
47854
35039
37608
2118
51594
46644
15751
57696
39004
30547
61054
13370
4071
17324
58544
33161
28614
50532
33694
4042
43532
10682
39569
12225
9629
24563
7161
30062
6987
45390
36686
6960
51094
40692
49736
61111
15079
31981
834
50027
4640
53182
54235
25815
8941
8274
9630
7422
6017
3374
34407
6472
54129
16897
41378
58461
8277
59016
40042
31958
16957
8531
22940
11052
42102
11391
25950
40778
6046
49694
50749
23187
3974
10767
26159
2580
50115
14114
32901
35538
42935
17436
30845
46850
22514
60757
54255
19029
56860
453
18462
3292
16010
47898
54667
43045
24739
55835
61944
44857
20598
835
27007
12287
59388
1729
40699
16928
52791
30049
13309
29352
61839
39277
13936
13770
8324
336
55779
43910
19047
19650
26516
48008
45228
49962
8790
29942
32680
41938
53399
4541
47600
19173
40600
9477
924
7427
4414
31881
11865
38270
32761
54256
51975
37972
33329
62772
6554
57512
44659
22819
38583
54192
54534
33632
23246
46099
51767
47874
50537
38245
20655
20419
61760
31326
7206
52814
15513
54019
2142
17822
10108
4158
37901
49394
12116
54402
15567
43787
50394
44009
44104
8990
10544
33495
24529
8062
55063
19248
33507
40897
23252
52875
27092
61973
53233
26892
8193
17457
45949
49678
60459
44668
23543
24253
9130
22618
38186
1880
51051
13314
57963
26375
15870
23332
50016
3531
61300
16041
19284
976
14559
48353
56231
2480
13661
62398
41375
49682
53340
535
1882
61610
36908
60575
50734
39164
10806
37578
16020
46195
31973
26427
38859
45201
37547
40481
32106
29836
34456
50328
8697
25725
914
2672
32514
15474
35055
14155
58811
12292
33344
3861
27500
59829
10661
6581
18482
24981
4629
6208
29476
14606
59540
33043
20361
23324
12265
19613
26699
15016
13961
159
22738
57091
44110
56866
9185
10699
18704
19091
40758
48970
21992
41236
42895
59575
48030
43198
10179
40407
33360
39972
41474
61068
53061
27486
300
62176
30473
24785
46289
61171
20258
1061
21693
31058
21002
57396
49903
2911
48118
2089
33392
53621
9059
47705
15022
34661
3783
16817
9824
18524
22867
20288
22052
58752
23381
44513
56085
14838
9993
21296
46170
56302
33394
39029
26867
49184
36087
35196
44331
5586
12525
31114
15100
8498
35449
21641
57467
24309
33083
35875
10289
60624
55102
9743
15262
35464
62270
2407
40068
50096
54027
34972
8305
13798
41692
3677
27783
8560
11219
62371
43366
41903
4551
54236
54385
20360
10048
46548
45261
24120
62825
15833
34816
13287
37887
44826
27067
26704
35490
755
61588
4861
32062
34401
55437
47930
62624
59399
52056
43440
192
51541
55111
37050
52681
19117
50200
33120
34465
45574
58636
28033
10677
62436
21883
43095
47975
38071
19355
58384
22335
21299
54968
43810
37889
55819
761
33090
58019
2332
54518
42398
24547
29271
29240
58768
9328
37973
59145
64
20208
35516
51830
222
21860
16006
27265
34686
40732
15766
58032
3834
11461
8616
28179
57886
34688
55507
55153
25288
42171
38652
59197
7177
39902
22009
60649
24604
26625
38910
51976
49252
43508
13740
14478
7729
40991
48492
28835
13181
57997
5579
46886
41163
55269
12159
17041
4353
17151
10346
10978
5354
59889
693
47917
56743
59367
8607
11297
22469
59421
18532
30085
47519
29135
26885
37929
29741
26837
60199
43318
44600
8622
53053
51989
31300
9312
21494
24340
17111
4810
16074
1680
53488
22889
17162
38834
1824
11205
58795
4959
54626
61697
49711
38367
44969
34742
23124
53899
9509
29273
43743
7134
51253
1992
56961
20339
80
9987
36854
55822
39848
26531
52031
29361
60146
18093
62097
6334
58352
56608
17366
13527
42172
9462
23790
47049
52513
22567
46546
48728
30580
45793
56946
60263
49980
2700
23853
40772
53163
17660
918
55206
7198
47089
20006
46677
43115
27997
52087
7261
61033
16863
47034
59645
38852
20040
4613
6172
8292
25800
24735
4728
11284
9333
41175
39323
49883
40352
25418
26485
25252
29005
39498
44250
9582