45461
30129
29084
34160
47179
29000
6847
20969
25732
44487
32962
35565
35008
51179
49484
20271
25223
46105
52917
10113
53700
52687
60189
32083
57490
52947
25621
32266
44644
22349
22824
25618
22629
14338
25573
58695
10117
11154
11652
54709
38822
42593
744
60362
11070
37107
5809
31224
3464
5062
10160
7278
30317
14038
54296
23240
14490
3012
24629
25507
59672
50442
19558
35011
20398
58395
33274
10213
32875
51602
44926
44071
38036
11460
18936
33814
4021
39402
3804
24327
29484
49876
46075
12403
24143
24551
18426
38150
37234
52386
4777
25643
30248
55685
28100
55651
52543
25243
10176
20687
25304
14191
50920
20914
13879
55837
31804
52409
40197
47503
3411
22447
22983
33810
31416
45506
35018
16534
31281
31204
3590
39437
60180
30175
51369
23077
31699
20604
19466
11965
46372
19575
38380
19534
48829
8753
9148
19097
25757
25514
61693
4562
55576
14482
53545
25701
43207
10990
56340
37127
25679
41135
62081
56666
30970
3
10094
30470
11794
10058
30887
33969
12672
5424
32066
45983
40371
47810
33754
59880
52648
35867
30144
16890
19602
54792
30211
24504
58414
8432
25636
47839
51977
18539
3086
55128
5382
20635
3041
49828
56925
11966
58393
4655
52296
26725
16565
49625
45471
10663
10064
3785
15680
57409
13788
93
30059
47945
58205
52524
42539
46104
85
40276
20292
1672
14619
11783
46187
34130
41484
3415
19676
47659
8891
31374
23333
23491
56821
12713
54822
30557
38772
59186
33983
48662
59894
44450
30999
58964
47441
37190
29019
50318
2995
42242
14705
25704
28995
10902
23871
1648
33809
55811
11765
3152
52729
22503
24876
18191
8748
5418
11753
27669
52493
31783
46351
24820
3259
16590
50817
20841
28618
14739
35001
31006
46101
56330
21846
50896
31857
5525
48687
31424
20725
22699
35935
16781
17848
20171
55572
46111
19005
17678
35647
11302
6826
29373
18256
55638
10147
7717
14487
17547
30494
3393
40159
31319
6312
16441
51458
30284
14792
18449
54901
6763
30039
14651
41545
38199
47957
30576
11527
25657
54472
25574
60744
22494
22329
60726
20642
35578
10162
22865
48411
19707
50613
25980
51132
39079
30358
23991
25459
54840
15157
14693
17947
60411
16462
54082
32370
58474
2099
46291
8733
58409
29003
11632
60797
53869
2223
44096
14728
62052
14605
20178
56409
10205
14661
31555
41875
22804
25659
11740
47715
4534
31599
3536
29060
42693
25799
10007
34275
41465
18043
19763
18348
6588
24289
11578
42658
61318
37089
38220
58991
25028
7075
9235
55598
3429
28035
25652
57129
46318
35037
62150
11692
49440
57033
48397
40948
30111
19486
55550
53537
40124
25709
10157
55582
30956
18929
59708
11051
11756
26592
51751
17729
38093
30242
3494
29356
16708
58847
18169
31820
12004
52895
42738
49421
17467
6101
47182
56928
59821
24169
48477
10088
35020
48412
51659
9296
33749
5944
60563
49486
14722
1034
33369
53515
24168
9346
33907
19395
15524
60591
40103
40149
34171
46319
40065
56331
35485
11675
47778
31828
39928
15736
42382
6741
50927
15664
12535
31797
61885
31365
44628
18062
47208
60818
54948
22853
6610
3524
19644
51182
28975
13972
50731
17798
29750
14981
16398
53563
10200
21003
23190
42454
14328
16667
17534
48343
1479
48958
52910
24859
12611
24020
2568
6551
48682
31563
51793
5712
35832
53406
54394
43936
3434
25958
3115
59007
53471
32299
38375
13437
14895
18513
59043
42097
14767
32307
38014
43190
60585
23004
30345
40188
17756
31629
10184
3132
30134
29398
38309
26199
52400
47699
60222
23993
23761
5455
31952
4387
23026
11718
49720
4210
43362
10739
3262
53007
34273
10197
24756
34020
797
60244
50895
36874
38213
40974
40265
43153
41525
1624
35063
61574
30655
35071
4026
12639
42305
11664
11782
60358
23295
19519
45979
23322
35047
11557
38336
10148
53476
41585
22664
23870
32186
17823
3807
17793
23426
16715
42487
61623
28140
28926
52041
29504
58988
30407
40383
44419
14611
20464
35608
20728
40259
31398
38410
3247
52705
42701
45629
45005
41425
19491
57109
47951
34251
41540
10171
30512
35624
4056
25641
56349
38034
25901
34269
3756
47793
50311
14057
50258
53519
2950
10334
14711
23035
19162
52391
22470
23479
30249
37348
42257
6831
32197
19524
15676
11789
14579
40406
18476
16630
30216
30105
41156
61655
51168
49856
30168
20760
63217
14529
864
5705
40164
34015
35644
20727
44815
33787
46689
63221
45576
53544
54561
61717
19610
32329
47099
10065
56401
52942
60793
10717
56572
19697
53713
60689
38952
25662
3563
18536
54119
24174
9084
37316
59144
14499
54961
46311
29131
25097
40182
63057
5094
32285
25526
22392
60283
40192
62451
22666
5824
20591
34041
39946
59806
52699
25147
29010
60253
56001
10052
22647
39982
33964
30277
61598
38586
20048
48909
20781
14663
38195
63026
32105
22057
18350
20838
59651
31710
1423
19616
23272
19484
26861
3449
30086
26802
63105
40177
28980
19635
10194
41573
33805
44428
36408
39961
18213
49885
40437
47065
14594
35389
38076
31139
44289
41889
29666
54965
3270
5507
26712
28942
26839
30650
34005
11713
61534
3011
39062
8521
54977
25738
52898
19685
30588
52722
52701
16523
3143
15734
10068
17821
3296
12700
46726
30933
58065
31209
18453
46690
12328
53531
60279
38512
59910
53753
33696
30282
1827
1829
14448
44175
5631
31842
38816
52940
44016
53864
29100
24508
11269
41395
48672
40369
10199
11423
14614
51789
42782
4360
24126
4391
56394
10121
55074
55931
14380
42198
36226
47020
19788
12599
52975
38764
2161
58002
28991
57878
62230
31269
48400
17900
58867
11601
31291
25122
44100
14484
55724
47335
23094
29401
41673
59641
44712
59613
41655
42662
5913
20667
47899
46185
12107
17748
34267
35422
58373
39400
8132
59883
45928
46716
34197
14326
56410
44297
10055
34823
40977
23055
28532
47968
40136
28668
41416
23475
13626
1452
42656
30491
27743
53976
11706
31762
36986
52693
23420
25525
4961
37865
28425
7896
34920
20998
46918
52104
46829
12477
15615
53527
11465
44279
35921
58089
52442
1020
17559
38031
5004
61183
10822
10198
14668
29368
14773
23366
32084
24374
8102
20515
48446
36707
10553
63100
13388
43314
3279
5587
40243
14502
31168
11438
15162
3212
9292
30493
18853
10136
51459
5449
26868
21128
59824
19658
41704
16788
37726
12534
281
21080
18247
34682
10747
56951
44476
19617
25273
44033
14691
48633
22082
12364
11144
11950
10110
25588
22707
3079
42457
5393
41500
29073
8741
34164
26870
11889
11797
43954
47433
42928
45937
60224
40434
31526
38418
18783
52755
13383
63160
47969
52838
53512
3414
47559
60403
31202
60177
29343
23159
60264
10359
29362
49902
37368
31137
16749
18309
54877
35931
1403
53024
14679
22100
62456
25700
46269
56121
19637
5014
40656
35894
31758
46119
43979
14615
23025
29642
8657
29089
38388
58093
11608
31996
25772
11398
38252
23196
31957
14136
47852
25591
38753
28977
27842
26795
932
40170
5719
37433
360
33947
19520
11883
62217
19577
11766
30164
34239
35628
56955
35939
30377
33729
33781
3678
53482
25767
39938
11662
52441
22977
18723
20274
11158
10178
10103
35443
53535
57132
18170
55592
22483
20519
56501
4784
31691
30862
1584
40848
41383
35025
40461
30341
38086
19539
17754
22092
25640
47677
19754
44360
14223
31928
55275
60171
45182
52915
3497
48697
48092
14776
34827
48215
45250
3179
23127
19256
16640
2798
1369
11668
6038
41427
40447
29360
34297
4265
44402
6065
26741
23245
46307
30331
7328
24213
17990
3669
12371
53550
19791
52029
22409
13728
35953
31004
20536
39990
43996
23310
25146
5054
61490
52986
16635
3451
20429
29502
3982
20390
33725
52703
46270
28879
36867
58986
60248
17090
44720
3424
24111
33532
46304
4219
38744
14436
47215
23109
61649
11624
53554
23452
23458
19487
15002
20741
40118
33976
10189
20216
52707
16846
38216
7342
20821
62448
25178
48631
52532
3438
53748
24654
12404
12677
59687
36875
11392
16494
35629
44536
33961
42934
28866
44427
58059
35346
3598
45620
59839
30488
19557
10119
5360
11521
24728
43241
22523
33953
54870
48413
33897
52528
59694
7327
11959
10206
30020
20169
37687
30431
10054
55906
19729
31949
55133
11015
59920
17702
56088
30660
7611
58191
49003
53875
61154
19647
48229
28654
3164
25210
34839
53865
7127
51074
20506
25666
62993
33825
45002
19687
46919
49792
42524
59104
53532
14347
53363
31850
53549
22674
30895
25191
43982
17624
43331
60239
51925
28115
47711
7971
62128
52588
14643
37598
25660
52717
61646
51627
60592
13748
44957
19730
46616
16721
25730
5148
24240
58990
47840
30256
33828
20951
46313
40652
14521
46009
40058
30159
40359
3458
52723
10254
5635
31570
31015
39470
59436
29393
41444
10228
14750
60251
39078
31594
22113
22621
5200
40179
31020
10928
54866
14962
18136
52273
24695
13906
30641
40213
32214
31790
44092
31627
32578
11440
33713
16345
25762
33738
3281
31333
18943
35611
30941
28798
35618
45977
11873
19603
36481
44980
20695
14797
52704
14520
30416
1759
19638
30181
48860
30009
31325
46276
18775
53029
31417
40618
27671
62166
6736
22892
31551
10971
53729
48652
10070
9080
7289
36580
60586
58814
12573
10536
17601
63092
5134
41524
47756
53964
52742
51233
3214
38736
32247
30032
3232
52422
60284
62227
48234
44663
34600
61177
25509
3058
27823
5179
31975
50289
18414
61478
14527
18722
30530
61709
34038
11549
19151
29101
4670
44370
21060
24608
14459
47681
32302
3062
22558
11489
60173
14496
41127
2204
12319
11769
30656
14250
23930
1543
3133
28990
29753
30614
12032
56873
30091
30925
17923
56406
2067
33784
28134
38695
46488
15603
43213
24908
11932
23984
23000
55213
31509
16511
60822
31386
20558
22212
39629
1812
52847
44445
47162
46316
30449
37290
5727
21000
55087
47411
33609
40785
306
46175
46324
50916
31861
63076
1569
3224
13841
16790
35372
30193
14293
56942
41739
28992
61164
11635
47232
30322
38724
25092
56347
11560
40314
22452
11586
31591
12344
8666
12601
31379
56372
19608
19688
40217
46459
23375
14568
10084
39565
35958
41434
40576
30361
27859
45046
36596
49649
3472
60379
42530
47421
19361
53551
19669
10080
37769
59887
12301
48694
3944
10653
28625
11538
4370
390
22667
52738
53882
53341
16298
20474
14292
25441
15120
14248
16421
14273
43930
54582
18642
46521
29028
42667
18636
20161
26492
11028
14416
22264
55557
54790
56026
3335
60255
502
60530
34087
59868
14578
29176
52393
1750
14420
19587
18088
1715
10138
13650
4568
20384
36882
4570
11779
13839
25019
17608
24203
52734
3808
40279
35143
698
50342
5935
63005
8116
6767
3780
12626
33731
49864
10125
11745
6577
10079
22375
3269
44097
48470
6663
13089
37188
28095
40162
7493
51873
51675
54493
43927
31987
56418
43968
19612
40837
4060
40403
11785
30432
35015
41431
55049
49171
13441
17740
58725
20555
11520
25309
22306
62096
27796
56704
34582
45558
44554
19604
30785
38151
10933
14515
11724
46127
8732
14307
53752
4574
44646
8729
24956
33624
55968
20574
34263
4642
61525
27919
4756
47007
31705
24476
58643
52736
30051
3561
42854
7190
46762
26082
19541
35041
31280
31056
20155
38815
25689
34342
20516
44538
22109
35843
25198
47021
26782
30275
38160
46233
1048
3617
44273
46189
15269
24128
36626
9387
11620
42282
22202
43345
10225
25805
2110
51610
10216
43348
6777
48003
59838
52730
46763
25463
22341
44295
59533
32228
39905
18620
33789
30400
59010
51870
29058
14276
47888
46161
31683
16230
5220
14831
29102
14552
3102
31662
43958
20811
10227
17246
54788
11255
19483
17210
35942
51117
39926
12732
41356
47727
11590
23208
1732
20376
14597
38314
14745
61723
23466
18692
1720
20745
44599
4487
31053
33823
20730
35845
53041
10880
41040
46110
10187
30174
14426
16594
33250
8042
19789
33852
44384
31704
46294
1795
25465
49886
36828
12125
53719
29108
11761
11060
46024
5468
33724
3614
11975
49474
14609
41404
44022
62188
52747
6920
20608
18283
9874
46747
18245
50503
26847
44467
17095
33811
22665
25387
14742
46328
18720
19559
40429
39434
54178
58415
42749
37454
54784
43658
31812
48001
59913
57037
14761
14781
48655
63068
44424
5654
27410
18873
44166
37697
28921
53342
49144
27196
26778
25682
29648
18981
1770
27678
59704
48578
20748
62453
31506
25777
14354
62711
47748
11488
6192
3462
3766
52991
27278
29031
28957
14802
23164
30522
35949
19145
49766
22074
20890
35604
32045
35444
19716
60174
55641
38294
40017
24469
3238
10609
29105
3009
44449
8338
38911
15080
14551
4284
43186
5312
33710
19547
53492
35844
60421
55506
60193
38735
59158
11567
44648
58095
14477
45687
52504
34873
11805
22324
52740
60282
53473
16260
12644
32021
61245
60192
35067
3175
1796
1638
56773
38785
33956
31878
42844
56914
25458
14780
31654
30900
7269
22098
38107
63102
63214
30892
40336
52741
22610
11776
3998
43853
22004
11071
18052
29759
55826
37381
14295
35058
58591
14337
3223
56398
42174
5246
25520
39467
62959
54844
19750
30524
20435
20070
54785
63227
14658
14807
40073
38758
23904
49706
29071
12652
41847
19027
44392
56637
781
46323
54918
52266
18289
38718
31466
11585
14327
35080
36909
26698
52731
32025
4358
13646
19756
20127
30268
15657
11526
18143
24282
52976
53005
36614
25746
25470
1030
12710
30560
31165
18904
32040
30373
31480
22461
29121
56345
42272
54034
34700
4687
25638
50530
35038
60273
21614
33831
39501
35834
14632
43627
29563
63208
50642
35060
11454
18529
30103
63224
42654
3096
13339
31979
14131
45559
22024
15266
14916
44748
52745
38185
4388
13090
14522
16709
51795
31442
55836
29008
40596
8798
28996
40168
19543
43260
52906
20354
58724
27161
32293
20550
35835
32263
44750
10096
10554
31872
14577
12551
59867
35048
12530
23447
46286
52109
5227
28834
31923
19748
61893
54428
11055
37401
28966
59991
52952
42708
30294
53524
12723
40189
14571
31501
59036
37227
54783
33395
4030
19744
63138
10089
25661
29011
31997
47212
38983
39896
13191
17620
37390
758
23167
53542
41036
10056
49177
5306
10151
53316
53873
58644
52081
34871
28682
11294
38222
31205
1673
62898
60186
24247
14340
19590
54299
62719
16670
3535
11296
3738
38349
39984
22401
59410
10235
37727
17064
24513
11001
10169
11574
52909
52748
47980
62369
41697
45299
46766
30088
52716
10101
61418
10120
56905
50837
25464
13238
60231
52746
58101
50610
25964
49779
50924
3228
44412
22039
646
54796
19645
14719
52018
47903
54976
36324
35421
3525
61322
29988
53506
35021
33464
22323
35036
49652
20650
23290
47797
52758
1620
54365
43722
23270
21487
16763
14409
4790
14285
3350
37237
18864
56414
11689
52927
30971
42422
10165
52951
40973
27906
27114
148
50628
16543
56944
59912
25543
31459
38025
49430
23175
36838
32013
53760
5936
52229
20518
39788
45308
52828
30076
24974
1382
25910
7230
58786
42389
14603
28823
15305
61496
25963
25555
14585
3287
58206
43170
63220
7107
31295
9985
25179
52897
37989
18949
14396
46008
30478
32264
19024
40516
10603
14803
44958
27806
41463
35997
58208
10589
58354
876
54997
54522
63211
22694
43015
57408
30966
44393
6535
25787
54503
62960
55979
60495
22200
48451
21045
38921
47692
59620
34321
19790
48740
39171
20317
44441
12473
25731
44122
15176
17799
26616
14238
23487
11570
55976
29434
28769
3213
28961
1962
20344
6968
53915
49049
20366
59802
11232
19777
39749
48996
25537
46751
61542
58919
6126
49405
24361
40647
59114
63118
25559
63128
41367
3116
4349
63034
12015
12544
12586
14281
6015
8029
24650
16993
58111
60753
33943
44588
35593
25472
3173
14997
5906
27648
10215
44292
5923
56086
16399
63098
59900
22355
34750
52902
4824
40139
58890
45997
50876
6226
33752
11525
31621
40964
40296
12449
17213
20676
60514
32313
61673
31282
36734
10796
14140
10903
3150
40894
11562
23384
50633
9504
15711
16760
5265
22939
14291
28968
57359
37444
38003
59384
35643
57367
40236
62730
14769
31780
7348
20466
5687
21795
57678
6074
48219
19618
37308
39999
20744
22743
20987
44401
13245
30950
45483
60432
20896
21082
31229
11660
8884
61446
59535
39766
55722
36343
19536
41494
60056
3298
42863
18033
60643
22715
14955
35821
18822
4291
48457
48693
30447
48665
17653
35638
26643
19324
3837
58074
19374
18739
13907
25508
24372
14625
10927
24221
38373
49349
26872
45087
40911
54852
22565
31892
30429
25528
49069
14242
47104
40272
20527
41552
29002
19627
47827
60276
25600
15261
62707
49353
32872
27710
59741
30490
56059
53447
30805
31638
54084
42779
6421
61910
40138
56287
11259
17091
38144
29772
42274
27480
3409
42320
52232
39355
48845
30028
56419
36585
28615
48722
48401
3357
44584
58905
53001
8848
17983
35040
48072
41826
61895
27670
45315
42086
44408
20106
3023
18991
26738
6524
52872
26622
48421
44581
23078
31047
38089
39914
50946
28840
37162
38403
15452
38780
43959
44123
14730
3618
14685
30157
51611
19525
59860
24497
13647
24700
13641
3510
12295
19626
37271
28452
15718
35853
19758
54758
58958
18003
8692
34119
52890
60800
44065
14413
58844
23494
43717
6420
49029
20899
40120
61153
16285
40537
208
16939
61898
50891
39694
35607
38332
19480
9158
3309
11606
52994
18471
16209
51887
50923
20778
19562
53231
37524
58932
57932
34410
51946
53255
52339
21132
41284
34205
38039
50466
43157
19736
49211
63226
9400
26873
14791
46876
18185
48150
1809
27688
7166
22605
23287
42186
41437
20438
41528
11589
31796
12402
62445
36219
54845
5105
23061
3914
29013
14325
35283
33963
26770
31537
23861
13005
60607
49428
7240
39405
13382
13667
53230
45117
49482
22823
33706
25794
12134
19767
11467
26659
29395
43926
26831
52688
50500
44085
1786
45812
18264
57036
63045
43637
15319
57872
11890
60606
51461
35870
3661
18114
31817
20342
10132
34173
53310
9958
19629
52607
18778
55817
40271
49005
25529
60024
18343
41128
25268
29619
5909
937
36254
14457
49120
15399
4798
49066
53568
34280
61855
25742
29746
27281
50348
14387
37383
52022
21096
48750
1354
53787
1872
31373
57122
31079
9632
54716
48919
28985
38731
1902
46278
29198
15033
55982
62110
46090
90
38800
11996
53016
31446
62861
40022
31389
8968
34215
45339
45841
32181
47939
8935
30414
47708
62990
57162
34093
27720
45795
9303
6929
17655
25686
48094
33242
35006
16538
58834
50822
62486
35032
10839
58503
63083
55711
38326
12491
2047
51768
59652
46972
60178
39426
53331
10900
54500
42780
12469
51474
34257
22462
10744
60387
3208
62918
27780
14652
13488
53750
11837
20170
6121
15099
22445
54442
49253
25485
33691
35031
42138
54907
3308
19527
36239
56620
14888
3467
5138
17030
88
24040
14637
23657
24122
62900
31827
15516
30387
31100
10545
62964
57216
48153
46310
14800
18659
11814
39916
47779
21994
61499
30590
13863
19706
36654
56098
60507
11616
11569
46299
21011
44095
61735
50434
4795
9238
36396
34508
4714
60768
59657
57279
9132
51050
35933
54938
18467
33922
17827
42461
43761
44551
43748
3388
43934
42698
53562
27645
60792
18931
33827
44030
43369
41547
26628
11445
63071
32328
26727
252
48802
28482
16824
62346
31384
57437
14398
52541
36089
11084
56400
55792
35092
19251
13628
7953
5686
24843
54942
55418
11383
50012
55709
60508
23123
11937
20092
31512
62401
34751
45598
48077
19723
61086
46473
20970
12565
57012
46047
52903
29514
31305
40351
5647
58870
18638
46277
57069
4003
46305
58214
51742
39478
57637
49222
55759
30583
50635
54979
32312
25548
60628
17910
3491
4765
46711
62914
16161
44482
50649
5454
61730
6665
34228
48461
6625
61503
18830
23504
11916
18064
35592
13678
44019
30122
51886
54193
45608
39401
18226
47875
53832
13749
11787
11940
20861
25033
14432
30327
29347
29721
59215
25487
37351
51450
46292
58702
47147
41477
39456
34159
30606
29044
44475
30618
20696
54993
46146
51232
23089
10175
4788
63215
34768
18369
40968
14706
4346
47658
5371
49842
44254
14350
62185
30419
52743
16576
5299
52989
27693
22527
58078
18953
61109
5465
25784
43392
41724
59053
33751
23145
24208
16636
42554
49713
37017
43633
29022
15130
56524
18599
57873
7087
56662
15023
18838
14631
44375
36054
52759
5376
55188
60578
22165
21938
59891
18612
53872
48269
35017
54738
30081
46162
54910
29297
47223
47428
22289
12694
44371
3935
18508
39410
10086
28346
60259
32729
39271
11142
48410
34216
37800
46697
40922
8933
56599
32349
5829
10646
43794
40132
48463
9007
26312
10093
45578
12492
13540
26729
26863
40410
20971
28147
56664
17459
35072
14247
17275
30920
60948
58219
29296
23059
61244
30575
24723
17868
32221
27588
63109
55239
8295
30137
61666
38774
31635
52724
31358
2008
52652
20381
54858
20648
49957
13672
28089
39204
49504
41276
42705
23083
19593
5636
14542
40993
5573
12284
52916
40786
19004
3403
18990
45401
33323
24089
22227
23478
27103
20993
24480
29669
59879
41589
8985
54454
37257
15400
61658
36765
14794
55502
11880
5324
58455
19765
18607
57414
3314
18181
3381
44366
6776
52849
18975
37141
20078
18085
25185
19592
14743
23161
27477
30004
23396
61371
18123
9356
45958
13886
31550
47134
14892
29275
23421
8442
38043
61210
30120
5013
3832
48128
27833
28474
60142
56587
5955
20034
16364
6843
20110
6704
37369
49291
50317
62884
3183
1567
27020
30258
19194
32332
37060
41405
54964
49707
59715
41339
4073
21560
8168
6024
5177
58251
17110
31264
61160
11301
54029
14617
11661
50797
15636
30229
9275
51981
48149
3412
11447
61638
20701
14348
25752
32086
29076
8090
61513
9351
19615
59874
49514
5643
20338
53082
40193
53975
57378
44559
14042
60422
10085
21160
12650
60590
18871
14714
31396
23217
20645
5349
15158
61613
30448
33401
39528
27254
24404
59888
42837
23170
30604
61506
56196
63006
1939
12421
48070
52864
26706
673
9112
61732
59642
62340
54156
20235
40673
39293
38011
34276
43915
13457
32147
42974
19735
41530
34196
14628
26147
28506
43219
46971
34316
41630
48473
30392
53573
19385
61704
41862
41005
32008
5280
38217
53183
20057
30117
48132
14394
19350
57644
10698
30298
51000
43354
23429
58707
31088
49176
51145
14932
45526
44004
42404
16469
20401
1623
7285
31868
42017
14528
38720
31352
45661
56964
11555
30894
40965
25769
54923
24453
59531
28005
26224
61644
60277
62177
44051
45921
11687
5709
55965
26730
57616
12703
31196
35069
20796
16328
9293
45975
29731
20688
30521
12020
30986
43767
12000
16274
30314
21967
60269
53474
14156
35661
24745
45971
45604
59995
38198
53485
39459
36259
10137
60874
52594
40957
42657
33163
34281
54083
46754
63181
35219
32002
56632
61524
48358
20484
34023
14973
17334
14506
25734
59117
58174
22090
49650
3137
253
60260
1339
52180
52672
37219
1858
55414
44816
58982
5813
54795
600
43820
43119
39679
31503
24400
46541
35093
11387
20113
56194
32194
42221
34236
63234
11335
4653
22982
60038
31798
32321
20072
44064
18657
55071
28847
45862
59402
62882
45443
45600
59493
36920
16383
54985
53267
31661
11835
12478
5676
49166
42996
57783
11544
19728
42263
41699
50847
20955
24910
55531
45562
14173
37747
54768
9190
56935
38362
10904
51159
31745
23456
42592
19476
6167
44955
13468
48785
56421
36803
30221
38091
57464
62265
659
13212
22189
47817
10202
33793
11577
10087
23363
6718
24697
53777
12028
36073
58211
49100
33730
31723
8328
60881
10124
47670
33981
35340
47427
5057
60390
3659
49113
35828
28843
30553
54714
30151
49360
13775
14549
61175
31306
15184
20535
30210
58799
14589
33652
22196
16390
49097
43730
51047
14681
3444
3135
6283
43018
35304
32029
49469
36866
61519
44570
11510
17906
19641
51195
60023
18272
3799
32642
33821
42574
51319
48585
45000
22022
19432
14429
59858
43985
26586
31560
4658
36852
20620
55056
10758
53866
30118
14994
16265
16387
14754
19675
60750
39444
62311
13546
31940
45869
60290
25825
28768
57370
11456
41429
14082
46027
25045
46704
27027
39571
57679
60795
14939
19404
16402
52064
4508
46139
52158
40471
37734
25803
30958
35384
35637
18368
52912
6475
39338
30163
40057
62945
3499
42800
44477
47871
20213
20539
52515
53603
12555
60205
60840
28657
56616
14278
44938
16725
10069
3056
25776
52116
20884
30532
62114
46067
25082
8005
10404
26587
32325
53938
23020
19521
50313
34903
9349
47080
56950
49057
3285
33692
43636
58966
32061
61571
14190
21748
25579
50377
6244
16311
36999
23086
23037
40112
38395
20059
38187
45206
58989
14954
274
53831
7655
29420
12355
12382
32184
838
13589
46545
50738
19074
20776
57210
53204
59395
4386
38752
47547
22061
53328
44567
19502
1756
24840
16128
17260
61514
8853
12835
14664
4773
28224
14323
10218
38401
33957
59508
40200
52929
41601
32236
18267
46302
31075
16362
2327
54935
20337
47866
53263
30469
24655
15927
42709
31361
5095
19678
45307
15178
3934
47985
31285
19473
35633
50810
22536
20863
12391
14562
59226
10832
18952
14900
52664
11717
37214
31445
56224
21175
17716
20159
25524
45995
17057
48678
5609
40256
13999
39406
63081
14757
55570
30566
35452
48066
23364
23115
44421
33856
30179
3346
46797
8019
59528
39366
44351
44948
16379
14657
31858
28479
1765
17769
31902
3963
47870
18575
44586
12308
17776
17488
44415
3203
31076
15272
25572
63176
17118
13970
23165
33219
57016
61184
9002
61888
54777
56846
32011
23081
52408
24530
60763
19474
41415
25488
5851
62218
53274
57921
35641
48296
49329
28799
23013
21961
23536
43336
32596
61824
62232
59630
41409
14695
19505
3521
62933
8243
59038
20915
56087
54781
46222
50918
1738
14768
59914
24053
52207
44751
3672
43983
48540
61639
42217
49203
11515
25703
26792
41516
11799
42112
45186
57617
61708
34213
9348
10210
52338
46298
45639
45006
22216
41624
40021
43770
44353
18920
347
28017
23073
62120
43106
17427
28605
53756
43980
11708
19007
30202
14968
60416
5422
25687
27584
16133
40376
18116
3010
30244
17851
7506
24764
5596
44247
37397
22342
41002
12683
25491
11563
59915
16126
31678
11958
4366
47718
24202
48447
25038
57237
5036
14110
45499
17995
3368
21586
11584
11639
11497
41911
54579
32318
50826
25401
38926
17594
53455
38683
33820
30166
36042
39876
28994
44919
14972
18275
56706
8850
29054
25403
44034
45826
43452
9120
10706
39865
34808
35991
30523
30214
10311
2613
26927
42515
18055
8870
12349
22256
38057
43913
61252
6184
41558
10835
23118
20628
23609
37544
13701
31160
58122
43280
47788
14590
3231
3520
5120
30593
48616
48666
10733
53268
23085
59820
4201
50828
19784
55588
55812
14526
39427
5693
33667
19533
49192
58048
48105
7861
54905
48701
34759
43909
57363
18392
16267
27663
48839
32077
39381
3720
46064
9082
23498
39123
48110
14302
43161
45187
7898
35634
47488
62798
60176
44776
45113
11552
48403
59901
12330
27770
1520
1936
51623
29112
19040
33406
14351
1642
19797
35053
19595
34429
31413
51002
24314
52390
17112
62955
46558
3399
43687
17054
18792
26866
7295
7326
34336
15306
17872
50602
33541
11685
50000
27664
40822
31478
31342
40303
34217
11899
41628
11332
62467
44992
30760
4281
20992
41408
60998
47857
32131
3406
52045
59200
22037
44556
38751
19709
62413
27165
22395
45448
57688
14798
6374
32156
32653
14854
35171
56547
56435
53798
46016
3136
47062
19478
47224
20960
16473
6671
6435
31399
59866
11670
50911
60745
11110
60197
1926
48404
7599
16196
60367
37446
25214
47436
41130
27353
35376
42271
3198
41060
33857
31668
59209
29727
38924
60413
24460
58203
5228
59099
49871
35005
27248
39924
56024
1835
12263
14804
59157
7435
18411
30399
20177
27849
58994
12429
35882
54794
10053
61473
47155
43788
6191
44089
61477
44965
11757
19059
29394
37382
32244
20823
10226
650
19485
42223
5291
37423
4678
42778
2607
56930
47345
35887
23471
18688
22831
46497
11777
12219
20303
35471
52072
7578
47462
40909
16851
14662
40573
21170
53426
24412
43771
54710
17767
14641
13475
13045
58918
18096
47798
8987
52939
40099
49862
29038
48243
25417
42651
19062
36283
22059
5189
10083
15726
25207
9106
50691
23919
31087
10140
17720
62481
60740
61510
59862
33712
55132
14733
46296
21064
6766
28882
3366
41114
56139
12641
39436
48835
48422
24425
30690
17670
31486
40295
20492
17340
39448
55969
47228
43720
14535
63121
31049
3564
7252
37622
4829
11655
63096
33546
38221
14524
58674
52201
38097
43749
56044
6608
14738
47814
37878
25688
14308
11172
47702
52692
6269
7600
60156
14790
38110
37448
1400
36764
46262
11476
24786
24394
36819
3188
45868
16892
11405
33772
14362
2049
3515
19430
39185
14076
39455
44086
51178
11617
50883
30404
40882
27348
14427
18652
5407
28600
53808
5908
48735
35848
5019
61846
18298
58391
53867
32661
49465
60250
46021
1076
58887
49148
57655
35022
23569
60418
18758
5146
16465
50947
23412
41740
38739
25708
40458
52971
56106
53049
50234
29167
7583
56670
46002
44896
12454
42229
8806
52826
42183
13406
47143
46256
43163
3615
40901
21134
23204
34132
28711
61430
54791
22987
11760
60773
11961
12318
17629
41719
20199
12903
40018
46460
13940
40623
51959
52749
1694
7588
60646
26875
15144
24573
7975
5235
46317
24272
44077
31944
45984
14433
31252
20678
45948
6306
33792
61718
55575
31254
48779
10195
43356
13366
10850
44043
14221
20143
2235
24259
26670
16787
45964
1605
22998
62300
51696
24080
14869
56246
37146
24645
10988
38334
1884
48528
14548
17464
31043
18477
49756
9280
26593
39153
61170
60762
15027
4363
30778
18724
29713
52933
43699
9378
11288
62954
8814
51173
15687
11673
3219
3312
40166
46555
35076
55631
15691
3408
38172
14463
46700
41561
53900
38699
44918
50309
56424
20711
41727
14479
19560
20250
5279
55166
11925
54055
17466
11625
26051
28936
42956
22545
42036
10893
17428
56703
40849
3126
472
53564
61087
8562
51199
37365
22661
59695
14718
43961
19273
7908
53622
31130
37309
46153
16120
3474
40896
11446
37328
34058
58357
45511
60633
55045
24409
62932
56692
31737
53857
53357
12347
41747
31126
32916
8009
14368
53319
48744
53618
39439
11533
4767
35271
54595
28470
22763
30724
41991
59890
16354
40160
53393
52727
49260
39431
52800
39483
62712
38023
33530
43196
24491
17952
5812
38284
5982
26641
50798
33951
47480
40409
19108
10238
17490
57589
61863
14581
42287
55960
20393
27430
26669
59273
24050
56636
3898
32160
58234
3348
39428
34123
1357
22380
48788
20314
45786
60136
41140
47030
23900
132
51383
14163
34568
25533
52548
50962
56963
19586
17139
33356
165
15255
13420
8523
27628
50884
53351
25801
13377
16200
50886
13037
17619
40566
39616
28359
38747
6893
28360
46735
50659
39367
55798
33683
30839
38062
60774
27850
48604
12550
9414
11516
55106
19746
36267
58741
41278
29904
11728
22854
18916
60182
53922
28174
14986
14985
62671
38006
35582
44453
16793
12819
36256
22023
29444
17102
24424
24186
62728
41389
53500
42660
5020
5941
42088
52792
8548
21526
5466
1025
50805
22712
47061
24481
13577
1095
32238
46407
60394
29871
50945
41989
56713
35513
46965
42873
44050
33998
27582
49219
55099
47654
58175
60360
396
12335
55044
46745
36676
20468
22511
5302
3554
61261
13915
5458
49158
16288
41983
20374
1480
59988
54780
21444
42822
42204
55304
5476
16542
12613
46358
55042
61281
63159
27381
31552
31756
30758
22626
24769
13034
2106
7722
49480
44838
44115
17185
17187
9978
24254
949
48706
51462
36053
53925
15605
19465
30831
45548
20768
20377
25653
33367
31259
41521
56680
28952
36601
30740
1974
29972
9426
54227
5561
757
47912
59213
54199
57325
8662
61440
17517
29453
40804
18542
55388
27004
28003
45361
47982
20524
6409
39075
50617
14456
12276
56573
15168
5168
49540
37825
3050
12656
15116
17969
25264
41513
33496
20306
51973
13739
22900
46507
31910
13390
11316
58483
56535
41080
32586
29961
31864
44851
47770
48207
43955
30625
54641
50569
32964
17217
26179
36067
55024
7013
12528
25587
56305
49749
42771
39824
13772
3184
19636
57204
62050
52374
13673
33872
39527
31432
61667
41694
5757
50664
14546
39809
17555
12640
50025
46687
53040
47925
58010
59126
49503
37241
41107
17734
617
5447
25903
25114
5415
47051
62074
35393
6906
14095
43046
20385
2410
49013
58468
59851
9604
5088
38861
25269
60807
53277
51171
18133
1834
12357
11042
62883
19328
59219
51856
20512
48453
27273
29852
36886
44853
26865
14618
44937
49317
39430
8590
12408
3364
22640
47398
61554
62509
55076
35561
25982
39411
59266
21416
23009
27936
61094
23496
7455
58995
20088
57596
25626
37932
31454
32617
20485
38776
61861
52204
28514
45281
30413
43042
60463
24077
8995
47322
59975
5590
14969
19054
30983
23247
23425
5185
12906
52677
62720
34777
35130
34645
34363
8301
22544
13085
25782
60162
62056
8934
14736
23915
60958
188
47678
16114
62614
53910
57238
13578
28492
32193
30464
56013
32230
31713
56582
20692
37402
50873
8756
41121
13341
24018
22779
60953
60437
23484
20185
48705
51108
21991
38835
44881
51800
62446
60426
52603
21536
22895
18049
42350
14598
62773
27790
21549
35498
315
42394
7862
13971
32681
41881
38708
21971
10949
2206
16493
53307
27873
2701
26154
5048
7854
61009
17233
10286
25984
43321
10010
57208
15149
32480
22988
8031
30142
23008
31815
18592
5771
28782
39907
5910
37519
56217
32753
7514
30136
50648
47372
21855
60655
45496
22688
53705
23327
2168
23138
19690
35290
37845
18163
31391
48610
60622
49730
29673
31636
5233
37432
5504
55053
26834
41443
7412
30995
10805
21059
9489
29145
33571
49082
13369
35943
58250
57778
35302
59156
27544
13450
29849
29691
60837
11913
43056
48579
5260
47534
36880
12526
13622
4368
511
62589
42717
21118
20878
39895
61463
35209
19566
59918
28261
30457
32068
17103
35174
30260
19221
37364
43997
30503
47423
11139
51026
25100
7626
53604
57848
2851
28245
7801
33988
6922
22124
26746
62190
43956
55244
42425
30276
12610
17415
61162
5803
24912
23125
55680
16887
54271
36279
44718
56589
29143
10541
19342
27580
18706
3088
5217
57052
61835
40682
30313
17479
6840
41771
27865
10377
41671
58693
28484
49173
10890
42731
43942
56634
31241
48047
46843
54647
61761
40229
16247
40216
23499
30058
16183
15631
47958
11730
48589
58072
20564
56831
25148
47657
34907
6740
60399
25183
7855
37339
58083
10622
31123
29488
56429
54115
46713
58824
3049
32081
59909
26394
50514
35222
15652
59338
43981
54392
11605
28920
58809
61486
24757
21018
51657
5444
45018
10947
23541
10875
55653
22181
19119
60727
14134
3528
54639
36528
30915
14441
19713
47090
2197
33685
52621
57883
21966
17781
11239
55141
40317
25753
12252
27668
2507
9627
12280
47157
56492
61619
52152
28244
22471
25064
25619
62604
29050
57096
25551
1766
54419
56797
50370
43445
54339
40318
20586
52899
21013
22686
840
30954
37265
41498
30347
26230
44650
31112
11271
33486
15501
41632
49200
53747
55648
59814
30824
51201
19722
52882
52347
23264
46392
61764
3977
39874
17249
5508
56297
56521
18197
22133
56986
54721
63170
34599
10465
52065
39385
37745
17100
8149
40771
41829
28372
37166
37557
3823
7243
13812
5533
49356
23408
10574
31588
15166
35746
4107
12748
49362
28235
36402
47156
41677
41672
62657
8302
54969
48798
24975
3206
41200
39449
15204
23757
8919
1560
39205
57371
61416
8723
49139
45900
40916
60746
9483
11274
39721
16481
60657
22852
49438
52223
46088
9543
4458
4628
20330
25654
46283
52761
28284
16238
30799
23001
61294
48729
31452
48792
287
62276
17358
31515
41810
63012
17811
30826
42387
24586
39313
55227
31184
62713
51786
56440
53815
61592
24875
41294
47650
22123
22016
54862
42341
50669
49078
20285
27805
55086
56107
47762
24410
29868
29363
32809
18271
10156
18361
31694
18105
6449
59749
30585
52858
50336
46631
32290
22271
11491
27600
55504
37441
19625
11823
22499
58199
45800
47972
8651
18073
11679
57791
55112
5116
30733
58301
3249
14720
12345
58688
38303
35275
12095
42834
6084
38717
811
50794
60812
35215
3852
38951
52424
13071
47745
31436
50436
45756
60808
36955
25615
17723
23014
40358
23455
13265
57670
32846
61000
46764
26656
49874
25497
48649
57715
49487
16137
50264
22066
8787
24479
20493
36859
31304
40883
44974
13409
3051
32038
43319
22925
29248
38941
39526
4053
34259
8159
37078
42886
5242
25216
33325
26642
22859
30066
59103
18989
5761
46093
49154
6389
14964
51327
56157
29012
18107
52353
61616
43950
53369
33952
43681
58432
7669
14299
40997
31293
11370
42981
49818
60623
45478
5098
30992
59693
20752
58534
11739
31909
44483
10091
63120
25770
8682
18729
32822
19734
51801
483
46998
12065
48348
42585
58516
38288
26213
35432
25685
39457
33960
17862
24298
54180
57018
37419
31169
13460
18316
58449
10209
35162
20284
6710
19475
58552
48488
30554
37935
42790
15750
36064
62438
25933
13816
57027
49072
20665
5073
59775
15276
16325
58860
59073
27084
39867
55493
41622
47164
62377
16232
16374
50404
43088
30634
45609
47344
51984
56646
8833
61677
25194
22466
43645
7346
32059
17068
22906
56404
4664
60542
17596
25620
32505
32887
60031
52206
9366
3075
24643
14702
26724
58706
28929
51385
24216
17478
44877
34464
38806
40925
15675
57513
46517
20405
63048
18756
10046
14397
22579
6143
18861
61497
12935
1464
20974
22685
35244
20035
3870
46
6993
30752
20136
14855
2041
11167
6885
51161
42428
7835
62066
22843
15211
40494
11924
55562
1352
54374
54302
40921
35598
28627
40442
52106
27903
59615
49740
54022
38674
3055
29256
62690
28170
17998
27437
5806
49456
37976
9273
49165
17164
18796
40208
33237
37967
9860
6185
11954
45788
33608
59800
26820
15562
22168
3369
49462
25603
47522
45774
51142
49152
13889
20889
55155
19599
59170
25697
30504
7956
12863
23044
11849
12674
25795
32717
42548
59571
12973
51740
31428
60803
5123
47599
55564
25063
41698
53300
56111
33664
35014
52133
7461
58136
27218
18279
40567
6589
14949
23382
58296
35347
13059
20599
12751
54919
18859
37882
46922
30837
56032
19743
35951
40198
5167
42339
49765
54233
21836
44216
58456
37700
8570
52059
61238
6441
2289
51218
61889
33343
24346
23197
20434
44594
62987
3161
57602
54586
53081
2254
39609
15683
27502
60801
5593
18872
16141
4579
41721
49634
37005
30450
41696
48079
40127
57101
30628
55002
46315
3113
16659
53584
22065
43043
59473
31218
55529
3819
19652
16771
6130
47304
62909
33782
43359
10062
15221
21263
39098
32741
57375
18474
62575
13817
17067
59553
41385
20622
31451
42246
34547
47079
2340
61140
11004
17039
18240
16529
6193
19010
4926
61884
40938
18823
29773
61504
21882
14440
42813
52597
51628
51818
14510
38770
41604
57663
49244
17483
27415
3178
32476
37476
49345
23784
56980
25342
105
6300
4330
15588
30850
2455
31596
4656
56156
37371
52298
12016
27232
18232
22847
4016
51892
50172
56993
44458
60157
35329
12577
34062
18898
15653
37385
7949
47583
22692
11017
21939
50418
36344
14180
17548
2657
20631
12410
11627
7989
40356
18597
27792
18793
18061
50609
17470
23945
40580
27750
55192
42313
22432
51494
47528
56571
25733
31070
45069
49890
59298
45334
19780
35613
28869
47649
4968
56374
34379
39541
11820
18785
52885
43948
23750
44952
40918
29311
23438
3716
24500
28543
28071
42707
21798
55985
46905
60297
53483
25489
52188
24499
30385
6253
58108
51661
5171
60517
27946
21920
36947
13550
57442
6418
55961
14197
21887
37159
53103
47243
41159
11900
51330
16171
43969
28268
48212
42380
47809
14489
47180
27217
38191
27426
27255
50645
23635
3324
50453
33112
11453
3676
41022
42678
21704
35842
54913
9417
58739
30083
24373
31673
58773
50964
16799
29397
29617
13607
23751
47416
48985
31519
14081
6076
30763
18834
54789
47017
20792
13670
42881
50671
27980
28944
56365
19390
16956
6707
20287
44605
14836
48988
42365
56091
7809
58714
57531
62935
39741
15206
23655
14298
46390
25755
37008
27121
59604
50879
43344
22673
44887
25349
53359
36578
19077
13763
42240
48899
28068
39727
59430
24334
48228
4324
57567
30190
16371
22021
35397
37357
19742
30989
8929
30050
53028
37449
34675
44028
47321
8785
11612
60814
44394
25673
24273
9999
22073
32094
30637
12104
22761
61192
12071
59758
39786
15015
14377
19508
30290
9635
12816
22786
45963
57170
28223
15151
36757
42175
30462
2004
23343
51918
52043
19597
48025
25534
41563
56885
43689
40979
38698
18436
16261
32057
21657
38945
19770
59769
15744
29667
27536
16229
62274
60371
28530
18446
39685
58632
20196
57257
53948
23516
48191
50866
39031
60621
14709
42655
24559
47880
16422
34684
20531
44042
18613
32657
24498
48989
28998
62620
9896
12087
49174
11328
48645
60066
45781
43353
5294
15604
48712
48838
32819
26726
57252
31929
48599
58877
42788
6687
37370
55907
14195
46703
42176
6362
11509
49745
47440
44682
30424
24774
41292
14435
43725
57276
37284
27417
28456
57983
56622
56495
53017
27926
60010
58815
5428
45566
58497
24333
464
41578
17711
39061
48159
47973
3210
53502
1867
6424
49161
3145
25630
2446
47460
48526
31600
46180
56392
7063
34988
16393
43855
62086
41895
22368
3321
12438
29164
40620
5769
59705
22898
50961
35968
39834
14862
3191
30343
12670
10219
24407
18939
36330
57553
23358
8610
19076
18766
38803
31069
40813
31576
3903
20248
62400
16773
24657
42884
47701
46258
48266
49043
12669
41056
39677
4713
15344
51463
38123
16165
49772
23730
39845
10816
4050
30802
8659
21022
13375
12771
12776
58100
43113
57694
28040
45636
38819
31096
33565
33142
11759
10965
50960
12307
19653
36739
48990
1984
11400
44942
48300
44930
52564
5653
61531
9588
25610
3946
40530
56081
32102
17404
16321
26585
56642
45938
44936
23341
51360
34435
23093
44787
7331
51175
28764
60593
11553
40642
26313
6497
59618
41013
17953
57005
28203
48761
32145
31188
39813
18999
15375
47279
59188
50043
11223
30980
3163
21770
55556
61711
5832
35322
18100
33149
6531
38745
48095
55915
19651
48669
10128
56105
30082
22857
18070
63053
42564
25166
49517
35205
14201
37761
24101
32552
55296
29715
32743
8541
61696
9924
52182
25890
22429
33366
50615
31611
27797
37956
25212
24413
14306
38330
36399
1986
36134
59527
6518
62203
10099
801
11659
15097
36625
24437
12589
56852
3770
14371
3922
19304
22162
46295
20107
46285
7522
44373
52950
11737
22169
34746
22242
54320
23082
63154
21185
41359
10979
28960
49824
15053
50389
16060
33563
63134
38296
41746
24159
19585
37533
8003
5849
41860
35889
19281
34072
1002
14701
49466
36907
39495
13904
28469
11450
28794
49494
12189
3358
38306
19490
51753
17405
52700
25499
39951
60165
47758
51832
54927
43497
47029
44996
2624
14550
50932
6839
21036
37941
29346
39807
41744
59143
57174
13533
33236
53650
27782
59536
61956
18523
8345
61803
40144
18110
30437
24790
39125
53045
27554
19169
37038
5988
19131
35658
18561
55721
40288
59261
30927
17774
56360
24743
2936
19504
52214
31584
12298
17141
35846
19718
25522
18266
15181
48513
41725
16439
58947
40517
19411
22191
42308
12616
49278
30981
48354
48173
30559
28198
42831
7375
14764
34604
56577
189
40221
29354
18697
14978
37299
31331
31145
16243
52233
59550
12409
55495
10366
8010
40704
21941
33192
42278
16502
62277
53802
29688
56566
61152
27733
29600
32410
9226
41749
9933
18661
30951
62233
14414
16500
62222
28233
22267
4110
35395
30272
205
6156
997
25908
3557
45481
47093
27795
30639
14863
52364
23084
61370
20181
22347
24013
28758
20621
28556
25602
44841
24455
39996
22253
55338
43886
56630
31349
35332
52982
43216
46444
46683
6778
22509
16277
14937
34291
8611
46343
58498
18543
4300
29580
56695
47310
7329
55690
21789
11147
35141
5804
5012
39440
47331
3995
6237
14272
58592
11413
36870
11615
56174
60886
9326
36619
32718
5154
53252
23568
12353
38387
47717
53285
38360
14485
6603
55864
41092
61004
9036
59079
17694
41377
52021
51947
9336
48206
30203
17063
54088
55521
17350
42219
8163
22517
60629
29127
21505
17201
40432
30853
26962
19310
33268
52167
37200
27769
39794
5276
60557
30662
63228
39146
43049
4090
42855
14378
61229
52040
46557
33225
37000
58812
53881
41549
31836
59947
37948
10924
6250
30738
38662
3812
25695
38892
61431
18743
40380
44198
41650
18843
49770
42576
54947
60598
15536
18919
35456
40559
29683
51276
37004
45647
39288
55119
13433
30976
58754
61883
33645
2909
13824
57082
4139
56071
41958
62477
6921
35926
39547
53219
16282
17847
51671
24007
53826
58508
50905
51191
20554
57561
41112
51908
21077
44497
8049
16245
52325
461
4693
23565
57627
2767
19402
40949
32458
20232
21712
23218
38605
18727
24542
16730
15763
30910
29110
12494
48617
33838
50016
26433
19752
4371
60605
56735
7084
11063
3042
5725
29269
40122
21010
17552
45373
18235
10645
40861
21021
17562
23194
38128
6363
54257
26668
50308
33436
58366
59159
58022
55840
61637
16283
11008
56122
56769
14068
17557
15671
48826
55357
1052
21410
60955
43086
28015
12102
48439
35377
48262
15243
1482
14478
37070
9034
17573
54434
31701
17523
8256
25381
3956
22239
22996
56250
15422
27298
16513
11432
2943
9925
41595
41980
27706
19087
60153
8081
3382
45759
5930
55426
34789
60053
47638
31998
23284
52771
12183
18773
22038
57588
57259
44024
21374
59297
22439
29881
13020
32498
5456
9610
2297
13854
62320
32009
1552
58570
6416
48175
25322
355
54990
34773
59830
23934
30699
26761
42793
59256
55444
15960
62650
32605
52820
46113
26609
48906
33946
50415
37738
49698
32541
10615
25633
54324
6892
4569
16464
3603
49684
20260
15841
23543
15749
56149
13293
4587
21761
26867
32451
7411
38484
57897
63070
38843
24488
35380
7943
46627
10145
3217
4559
23275
20175
38808
3939
46849
36643
43876
59412
25952
20918
38991
14183
18466
56337
16734
17541
55868
28844
56022
46468
17525
384
44809
51668
25393
41487
31050
22644
42051
1959
15732
22507
49986
8650
47574
4055
54048
42929
37823
42297
48341
33880
43103
54235
33995
3694
14866
16735
57619
4618
34497
3572
32703
32027
2475
43326
27117
1538
7965
6040
43374
6684
39155
35678
50820
20983
63088
42087
16313
32090
9501
51190
16201
19358
43900
32129
23182
62167
28168
23973
60934
40411
54247
50976
11404
32465
1803
44543
28890
27581
25375
48714
229
6181
17544
46367
29199
10485
55243
59269
896
5664
28231
55209
10668
35411
8308
19862
9906
15055
59667
14867
35189
25415
60449
16129
46500
20479
7439
36688
5025
54238
4255
2208
42903
11877
36288
63101
33129
25625
30858
48710
52606
28398
20133
56126
37835
58249
34867
53572
18568
45293
3806
57446
6044
33403
49780
23632
38650
37627
35062
25848
10003
12138
9462
59697
19354
61099
19419
60543
49733
47218
10769
37042
26881
49492
34888
58346
53251
31212
57699
57629
34064
31893
26142
5063
59352
17009
13424
38601
12385
6484
30651
33511
47127
29385
15745
9431
890
25994
13801
46359
29518
26554
39763
19886
36816
3166
20179
44300
48185
32180
30435
36277
39817
36146
6239
46239
34295
50821
16949
7901
35568
8925
14821
7553
49512
11298
46483
15405
50419
42146
11459
2278
22112
21019
2366
50909
7457
60743
5842
15062
32417
13237
30375
28101
17815
26807
20278
43675
32731
8752
26546
17891
22636
50178
33914
40215
23591
52287
56707
32355
54262
30520
2931
19607
27413
28240
48376
16601
6289
47987
55941
57527
1953
45549
62930
15256
30205
6020
18097
14629
40833
34680
29098
56792
3830
15987
12448
47918
11204
34840
60195
58563
47673
8016
54632
42622
37504
34659
10558
12513
34899
1614
2844
14410
21460
50125
28349
37987
8248
24309
34245
38633
2142
11592
4304
59191
54455
15435
34022
10361
20997
25189
11494
58133
30420
40692
6599
51658
15456
569
454
54054
32537
40277
62710
12029
19383
308
20190
53303
61128
60332
59056
19338
56293
24120
7723
62942
22672
15060
28127
50095
53995
40690
37921
32546
6246
4857
62259
53613
778
61865
57639
29413
11323
34776
13254
1950
12779
52465
13197
2158
36602
58429
18396
20941
58589
50574
57396
59122
56294
39837
8298
8624
61405
24759
31865
6267
6067
12675
56847
9734
43656
34529
33674
5607
46948
18099
16686
28467
45459
17801
53903
3355
29455
39517
11976
851
43370
62967
48202
9430
20802
10108
33244
25597
57609
43052
58881
25369
10449
10525
1585
39718
21632
46985
44544
52239
47819
14349
44223
57672
28355
14043
52793
5383
21890
763
36345
39418
25246
26023
11462
46140
46680
21453
19035
61791
60754
54895
13632
46587
50678
44486
63064
32689
3573
12226
16231
32483
27113
36074
57092
22203
39765
23779
27466
62020
29240
41145
42917
44118
15950
6630
30678
32217
54177
36190
62497
36014
4035
56225
31616
60488
36933
8282
28636
14005
33694
9519
24184
32428
719
13432
2100
9688
5808
15164
36902
31805
5076
54556
60126
43024
19049
42286
37388
16877
2511
6534
32372
16620
16584
25068
37331
4859
11307
26913
8727
49724
33666
9170
764
51243
15047
25596
27976
5674
49838
26612
15300
36975
831
50663
36154
62005
15339
17397
61912
34629
41960
56141
24656
55532
38781
41653
20323
30492
52888
48719
32296
61772
20444
50591
7074
41222
19261
56507
33452
62526
25151
8865
29007
54219
52184
34983
38358
17713
36566
13435
6653
43361
12247
6508
28286
36700
17773
55496
11984
58079
50078
61325
63183
54941
50340
38680
23746
59147
59255
4331
56608
18308
22006
16727
41717
9458
50583
22431
33262
9992
9379
51872
1390
47527
58154
32913
23838
10506
62452
6688
35475
43589
7429
33039
23810
17360
32902
8661
2982
6744
58797
36927
25926
62522
18101
9406
58689
41691
46420
57356
51807
31019
53878
11025
13069
22901
25889
22424
17179
7688
19319
35434
22919
21316
48577
9624
48504
18959
46084
38112
8837
24619
58280
11559
24152
61488
32910
58528
51146
8087
26975
54070
35998
11927
62390
32103
30152
48794
7463
41158
12982
38035
36101
48855
3353
3986
3421
18874
8392
46778
4254
47385
2485
43189
59199
32899
29622
58235
42288
28056
50972
10680
16739
21968
7895
47700
18238
30671
56553
47922
21155
62582
31986
54588
53286
44157
61450
2117
50219
51655
53830
23223
39671
2273
40250
10502
37784
29659
44505
18204
21733
29903
42504
45109
22419
42594
25346
27271
10028
12213
52438
11500
17292
53399
35919
52128
25119
32108
36926
8390
57516
17156
24338
956
39144
6146
33232
52330
55819
49308
62605
48621
52778
6205
27501
24253
47254
28893
53763
45517
25250
41577
39776
51334
7998
8688
6863
17579
54539
22217
16989
14041
41433
37175
46759
58895
38813
44000
11536
40546
17701
38267
38327
48773
47405
7889
14175
41055
8609
3405
34346
32308
19894
21276
61397
18489
44756
50855
52246
56818
50413
4373
51816
6567
14838
36098
54867
15507
3433
33668
58629
44258
11842
7694
29383
56085
38319
15052
62610
44762
31482
421
34138
27374
10443
44320
46246
55125
7445
34351
29561
33607
21108
48571
46337
8077
25013
38234
29718
51378
24045
30689
21390
34268
2550
12057
8089
6554
59968
6259
52576
985
3330
32548
32850
11233
37297
32031
18865
7743
38629
17752
36796
57469
20124
24270
17222
57618
11314
62141
29114
18730
21868
7701
18503
28612
41475
53954
45540
7423
24153
48981
41347
62916
61222
62533
54441
39587
62867
39879
8103
33205
31343
40891
23833
21747
10509
47676
18162
54102
37320
24339
40261
58749
29280
22356
25816
52510
12101
27379
57477
57734
27433
29670
27510
26196
13061
24393
54020
36548
51743
63007
17927
29741
4854
46942
40906
54704
41076
48659
39853
52506
62099
50926
61432
49221
38635
15225
6874
595
14177
26253
34702
57760
21759
24823
57789
8592
12957
25842
14784
41155
22438
51915
50579
24977
27008
50201
35476
49141
27987
25519
9141
48351
54253
26078
14666
32728
638
60313
27711
40653
24771
14858
13674
54797
6286
8161
13826
38117
54368
62415
60342
5186
53089
21400
18214
42154
30052
21934
3565
567
60798
54793
26608
10613
24046
60343
61777
52380
14945
19414
23011
60785
34060
36556
6696
55343
53293
30128
13774
8286
17513
27328
16548
36040
49786
56777
40199
59446
40862
47501
60532
58696
35199
31372
61312
47633
56870
48606
18130
22945
31045
55347
60050
61705
37073
7967
28660
16227
36171
48205
25277
10899
53656
41146
22501
60369
5638
18194
15213
61742
17295
20573
36972
12900
62947
11682
4791
9440
50325
44249
2458
7963
5305
63089
23764
8669
34799
8882
29034
47349
55308
12246
51561
38333
18711
29210
52827
41838
45892
62966
33091
27458
46236
42628
13199
15155
2815
4404
59471
9695
42889
13486
41048
32833
11763
30306
52225
12583
37740
16789
32883
35247
26599
49338
7244
3235
12461
14058
41652
63043
37096
57083
7290
37746
10644
18137
30674
25642
55609
58841
44796
62859
39511
16423
38930
34486
27656
20668
56913
15551
30835
48625
20419
44745
21433
53736
52251
4452
40473
37836
8772
58511
32695
9742
55916
37333
39964
28602
23409
48853
28916
45042
402
38381
23638
35301
15273
47628
31007
16755
59739
14891
41951
5183
11845
32787
52087
44813
29212
43038
40940
55507
34657
19000
22700
29475
9320
42469
40917
36147
41820
42675
5907
27902
12875
14423
11451
48548
10677
5178
60218
5659
1373
7632
5844
7996
12184
16446
8300
9140
60556
15998
42792
41244
48690
46980
9149
8094
39093
19879
31357
37416
22425
53951
18013
603
16998
45747
59023
60228
36968
39015
55827
54403
25053
46149
3860
16251
15419
17632
59295
41253
52415
9495
5960
5641
60661
35871
40543
18287
20587
57140
62678
5153
44231
32811
16769
17706
7037
43099
14141
38169
39665
6677
29878
43470
47869
11356
6693
32016
13833
27818
8690
82
58545
50722
45083
48499
35896
18800
2326
17532
7521
49551
2148
32339
34681
44348
40129
30782
36552
54375
8242
38028
11892
55944
21206
33335
33126
29357
55299
18747
1105
59342
8938
30053
38960
53611
33210
32989
56329
8483
19012
1646
7224
30502
11306
8638
59863
54468
39627
3883
53333
6410
61307
47438
55547
54587
11611
27416
12687
12520
58957
55758
48342
40464
4442
39045
27005
18687
36409
17838
57509
43606
7800
14890
54679
39580
51993
35903
59360
50445
42311
57056
11192
25943
18609
23781
48374
47672
21268
5970
8991
52851
8060
49815
3921
33619
54449
57401
60286
13244
20200
47476
57380
23338
56140
9629
24886
8700
59532
18035
16140
34924
42131
24276
2262
17365
31195
49819
812
41116
9428
17830
55118
62196
15152
15032
26246
44730
55949
23356
8928
41081
4721
57909
16000
57094
39648
42084
22477
22903
49930
56574
47549
7643
4337
419
25323
23280
54835
30857
49884
43688
40593
21199
61795
61908
16718
54881
20356
31101
8665
31525
47474
61771
27398
37389
51382
17306
18393
32240
39713
56267
28577
20975
44624
62036
61862
58897
8703
30754
38609
24445
42968
13590
28971
51790
716
37154
7293
12897
8210
6091
38528
54616
17241
16859
10551
17402
56110
59357
43759
34741
5370
48458
9494
59929
40759
18948
24664
23772
2426
5734
57656
33625
51540
41818
30713
793
62326
30856
30350
6639
48329
37379
1102
25032
23853
32982
4420
23692
6177
8145
15420
55401
56711
30747
55848
49642
55138
5267
2017
7440
17550
14074
58440
22161
40800
35016
59210
28136
33466
369
39969
59364
61387
17036
26464
28948
3664
5161
16747
54314
50584
38630
22260
40679
49939
41133
41170
35160
54604
37232
15429
37280
13768
8979
32397
9738
42362
54135
31854
46959
17137
9308
51709
63080
1414
290
13782
20220
52842
750
13299
20497
9591
16352
15436
27337
35439
3917
62385
45680
24206
34699
21984
13128
54962
8241
9035
39387
41520
39848
1893
57537
24364
53965
54016
3341
34611
45396
39736
7682
13287
48760
61108
55697
29338
58229
55963
55718
31309
58477
47307
16984
34007
8053
53233
47612
12278
46097
15230
45343
8564
26319
34531
16728
48764
15618
38859
37846
47397
19034
42536
59127
48171
5367
30160
37588
43756
47537
58507
17010
61228
57841
10765
62613
19925
63095
29898
3537
22423
1004
3541
36328
40555
9264
11466
20724
55732
47221
45004
54853
6414
26055
42632
18004
8068
37806
33372
14861
17664
56388
17085
12093
33698
9596
41968
37277
26174
31294
2991
30652
35904
38570
52821
55489
8075
21432
55520
60296
52074
25048
8292
38017
16685
34950
47801
32157
40763
19982
10794
54308
33203
34964
18646
54439
13121
39310
9091
43582
21985
57859
42441
2737
55930
37656
38149
41731
48664
29956
46655
5956
16628
21231
40518
37952
44128
29624
43560
5753
43197
42984
28886
51776
35671
1511
18184
13169
50305
6505
23790
57164
41569
4013
25716
34824
30945
57621
38307
53737
52290
53732
8228
37259
15594
41332
55838
9103
27829
61474
44800
13364
41150
7729
37753
58040
9851
29265
4637
648
52097
55298
47237
14406
12467
40654
60475
46990
62545
26076
40586
33686
35059
40102
62771
8465
18708
51950
52279
21684
50653
34506
54700
17672
51277
5696
44174
45777
26222
48122
12132
27932
31680
11096
13979
58116
60445
23958
57283
41576
28009
61829
51620
32649
47905
1599
6434
18092
27262
28795
48436
45076
54272
5973
49522
42732
60028
59963
44708
54028
54263
54554
53215
435
19798
36989
29645
32922
17088
15500
56954
49778
59976
12563
63198
9509
38139
45929
51921
23561
13283
18885
55115
47082
51806
62723
7272
55772
35216
15694
40595
45925
14523
52326
4123
9748
3065
17805
42583
42199
12740
4295
46678
28643
1551
29663
159
16644
15948
26067
41507
16348
6403
54470
49835
38365
42691
12769
50052
2939
42612
27951
46809
29039
40456
32199
58077
12635
44214
61975
37361
9685
15954
50967
44111
7222
15878
22869
61828
17071
11852
17182
59861
31149
4541
40877
27679
45021
42464
47855
12594
18958
18852
19136
34919
48914
38704
36711
2970
10878
15651
54418
59254
41610
17235
13039
43010
6618
70
52283
57344
38230
12200
53849
10304
43415
53197
48371
39752
24648
35341
30340
51633
22394
41218
15991
28252
57337
45425
61943
59345
55939
40091
39825
56579
37407
3489
8744
19127
61643
42759
53116
27560
14236
21562
40310
12645
9144
17060
46943
50005
6818
19876
7343
19572
48552
58606
5668
48696
20218
24692
29099
48107
27269
43274
42641
46844
4038
6538
30710
16921
51775
33620
17499
29928
35797
45769
21862
46202
12035
56282
47454
32414
58583
444
60065
59593
28632
55375
27716
55403
53495
13242
43485
17942
51967
6349
30003
44956
20121
54553
9650
27447
2733
26680
3360
25971
16214
41297
26786
1
40888
5450
43313
17377
28953
25442
31988
32898
61262
39245
43045
16164
7125
18686
35500
26073
1427
31363
38654
22000
9471
559
38632
35563
45346
1925
59091
12514
18803
39139
46692
11826
51803
49242
31781
35257
28175
395
13236
17510
24075
61135
12602
47950
23727
45012
53489
41104
2760
29919
48114
43060
30944
51373
53730
40345
36668
39487
62887
21177
6655
35403
6790
39502
34400
27105
44147
49365
29717
46059
46415
4641
16017
2754
31036
53932
29122
52121
7041
5252
21784
52230
46635
35453
18039
26597
49922
58694
47270
16830
31792
62767
34970
49204
54104
17623
10785
57604
59130
14847
20912
32862
62317
60213
22710
28523
35028
27393
1973
62054
49527
27461
118
9305
28004
12541
39192
29070
14688
49663
16198
2406
12279
720
29396
55937
45257
13378
55923
13358
15365
15312
60806
45055
27031
29760
2659
14644
47917
4989
8379
8476
18434
60595
19203
22390
30207
7261
15487
16159
49693
18154
14004
15874
57480
42325
21209
26833
15789
49250
42636
28781
45691
37696
22805
59304
51316
17130
9339
47884
22680
4638
16648
24712
50100
5817
58558
45802
23095
37903
20459
22125
51859
46441
50192
44541
26544
10251
30127
552
7102
50517
20039
9708
19530
7702
37319
62257
32053
34392
974
61270
13978
33201
6060
56490
17831
38422
26923
24837
7109
1160
29153
51063
28330
10292
16412
1195
29246
31649
22639
27003
50475
19165
3889
23679
4682
46204
48335
59294
44785
827
41707
28495
33536
57025
23709
15048
18996
49138
27988
27939
20857
34360
23042
22315
55218
28501
54013
55774
23780
47036
10935
29327
52521
11784
32389
28029
2433
21642
17964
59643
27593
9643
51157
33280
53356
62892
52848
54601
9814
2647
7082
46216
3989
29827
40606
48218
22338
13313
51106
31072
59707
8235
47624
10637
21661
2281
33545
34848
57193
41192
57978
54122
45736
1793
13916
50060
1619
1930
38526
52825
2296
1967
26704
38473
2357
32502
37523
2322
61680
24999
29944
4716
713
21674
32810
34345
61168
4529
26521
28582
39921
33611
32462
7205
55361
12206
19454
28307
20708
9986
11871
16873
3098
43557
2038
51311
34252
58178
15039
36221
10695
4198
32447
31068
2744
60884
57476
1307
33245
26964
59502
26013
2643
26184
46924
24414
52505
47661
20582
25320
2336
38460
11974
4383
10786
32354
45755
59923
31824
29192
13963
8348
56720
7221
13126
6619
15647
46917
7233
55768
61191
23754
8322
36269
32461
5563
18399
19444
10895
26677
21872
51436
57733
52100
17586
33011
1935
43695
34637
44645
51084
21849
30726
45853
207
29416
3765
29534
22482
34504
57815
59609
39140
55782
42411
25405
47050
21772
21696
36822
5514
20208
56291
40382
27270
58914
3139
28488
27400
4533
62886
12772
21640
7962
48959
43406
21120
8162
25973
26989
60841
59817
43603
38927
6872
27339
17120
51167
61991
5203
25282
16173
54279
61033
46538
60972
56066
12053
44315
36740
50243
1854
60715
29720
15989
37688
44839
8354
20033
52423
43970
19837
9278
26463
34220
44197
18330
37731
27574
565
24967
53439
16355
2345
37022
7681
11681
13172
453
4601
36956
22968
37995
42874
37985
3431
35116
29953
15317
47830
34352
1018
26942
2638
38686
13920
55747
23481
61728
37068
59308
48979
45020
12968
59376
10461
58387
8370
36427
7725
48357
48257
15638
23914
27784
1353
6972
49263
7089
19888
32630
44894
39901
3653
17204
23832
51346
43600
19664
18790
5521
16646
10016
21306
15489
24375
8401
6640
57160
27228
22388
56627
8735
7383
15575
57802
51841
38524
20044
41029
1468
13586
4154
43610
39193
21665
50988
41644
45733
15856
9371
19810
25157
57153
23732
41073
58577
33167
19851
4825
51285
21337
374
52051
11846
1822
23868
33697
11186
46900
50175
55030
36939
23707
59223
35712
47936
47747
47366
10520
53706
27717
16864
20553
12317
24571
22428
2709
47192
49941
19953
234
57773
42781
50986
30912
20380
8396
55754
62496
57834
26571
21608
30070
11149
23690
34936
37503
4959
26377
39606
37662
33206
18934
37559
57943
9021
42467
26032
29806
38517
31831
48058
13637
9795
29964
41706
55325
23997
28458
4781
35708
794
33276
10454
3580
47908
11064
53111
47722
2884
60019
23855
37889
2416
83
24716
34860
61388
29197
9183
8634
977
25849
5524
35262
26949
56034
13205
15752
15474
2275
7120
53048
62681
16031
60258
948
39972
1830
13217
51128
20953
22529
38888
20663
26629
42491
971
59779
55248
50190
49839
5096
10738
61084
38542
51964
35553
26972
62672
20950
35529
49020
32761
13631
11178
11010
46469
21779
11236
33295
51313
34494
56031
15333
788
44613
35694
27495
34075
60802
56417
7169
49588
50994
49402
34591
1090
1200
20921
10633
21236
16505
2881
46530
60298
18505
55934
21055
4723
722
32022
9262
56562
24416
18257
60082
60560
35605
47679
24589
46746
51009
19869
30397
31091
51246
10247
43400
49912
18148
62812
16677
35910
9891
49580
62175
23864
12834
38445
49966
5475
28434
9726
44148
6951
26189
41414
46125
40088
47975
14000
1820
3718
1227
62619
24590
27840
55198
29433
23296
46637
5528
48956
54230
4648
34949
44018
24845
10457
45158
15646
19060
49394
51805
11840
62351
3542
36091
23670
23823
61995
57779
48771
8972
53139
31523
18153
9679
56754
34740
40258
53918
42026
49128
21745
43544
20411
1238
21216
16394
38436
48968
46957
13122
32192
45509
32273
49762
39201
5109
19946
19146
56837
62447
2565
37666
39573
59387
56296
40858
15362
50159
34303
54649
32305
52269
6427
37980
16744
27039
18383
39862
57199
3329
17457
5558
38453
18531
32780
37660
4615
27286
18115
46826
33185
41544
60890
13704
30396
59981
21708
10382
37014
8044
25059
2960
43340
887
20055
59950
54041
26462
17043
36977
36804
24415
61970
19412
52776
56152
40332
53330
40687
13308
6159
26743
37893
29803
31826
26495
50217
879
1504
18876
1463
11951
51615
35105
12238
35585
52490
31027
39164
62535
57838
20546
23398
20544
53120
36891
4403
34151
53600
58880
39029
12967
22924
25811
7995
1977
21242
24677
34418
61599
54261
2547
60518
5204
26821
29550
45449
6501
39312
20300
12787
29560
45050
51123
37661
9134
23816
52811
348
13545
53391
62335
1816
1547
54527
20561
55862
34806
24911
29200
20000
51115
13981
31920
6264
38141
15747
1580
8905
34066
42283
52471
62896
1606
21656
53032
62333
57809
2640
21610
19303
11417
28664
54213
33069
3082
61793
44139
26905
10619
24127
2302
41453
2167
45468
36349
57293
28596
1150
41789
14737
54741
29517
11860
16498
50456
25039
7507
12204
58611
12955
16550
30393
57158
4983
6882
12960
11000
7364
45515
2119
28850
10489
10177
35859
36929
35707
45264
62397
5515
7487
2444
28491
40816
53209
60652
1591
24584
61115
46858
8920
24659
29638
26283
63038
12322
34322
43289
17551
3490
15795
29234
13961
50103
33456
12568
23588
53067
52261
51625
26342
27708
21032
16750
11123
59577
20791
49609
58716
16057
4732
26633
16404
55765
47885
37728
10977
57946
12510
35772
52295
29494
590
30146
8134
50735
7474
46679
11
57148
45229
46803
1988
42108
36697
20365
55755
55999
12046
39147
29320
35396
37314
15490
21796
227
56756
33468
31245
60309
20490
37981
1742
15460
42853
29734
51823
51033
9152
55874
15348
55833
13282
24546
20050
23676
14037
13671
55263
36686
56301
34603
51228
7025
11174
61310
33997
34834
56793
40607
48179
62329
28421
38426
30486
52570
32571
41878
13428
60170
29451
47536
19919
23974
447
36097
33288
21581
26419
6077
54096
28130
580
14159
28304
58312
55952
15297
24607
63243
25580
27279
4351
20049
44611
15957
52513
56288
57987
35400
2579
20900
13290
26375
62737
47117
51855
7496
7489
53505
49976
39188
5874
35495
60102
13019
24867
21423
54280
54696
7393
41139
19896
44873
24944
5902
42345
57256
9552
3318
9979
44658
58034
45141
29751
19951
9523
14029
28234
6883
60448
28036
21176
24980
4057
32439
33315
46525
13469
18258
30666
7389
39939
55424
1519
45502
25932
3077
813
4940
26678
15385
37620
36204
1775
47271
41763
739
41687
23107
51446
15148
54543
10301
26343
34369
8172
50047
21285
42234
33385
23634
18012
53617
24110
15977
34325
3833
51518
26363
30680
35727
7973
8957
38177
10036
40459
789
12918
35663
37915
6528
38143
2639
43809
60765
57459
59085
24129
6086
5892
37664
43786
62009
40237
50164
60896
1577
45879
26400
3802
38886
28043
57296
46195
33462
22219
20870
5995
10649
2097
56531
1751
51516
2054
50778
61403
36642
18844
62646
38087
53145
56842
37088
22580
35826
20588
49258
5221
8467
20364
11942
3843
7686
38769
34507
43648
13779
38922
38215
39244
56625
34584
25127
10994
27515
54400
35109
60682
51361
9321
20011
50768
49563
26175
60742
18710
26502
56173
6859
59068
30286
16032
62839
46046
37636
12856
18375
26161
57938
1007
44202
47706
1960
60696
16917
40736
39324
13478
41755
51468
40146
12747
10570
1234
13598
8017
54367
53124
55829
33491
3990
1794
2990
39150
42716
8028
35144
21350
15943
21982
45068
24991
28515
37926
51584
9310
46677
676
18291
46926
4665
37411
51899
1446
9474
52752
925
26233
42391
47364
19280
22067
49298
2858
44909
1282
35533
23440
7236
17472
55385
7426
50686
13213
241
39421
727
51109
49790
7312
23862
49223
23793
28309
6897
61026
56887
52476
62549
17881
23448
4945
16136
1272
60976
22963
782
50216
15371
42914
32341
26065
41932
7286
50667
23809
51278
37095
57330
36609
8849
47561
24172
46033
33442
5785
42371
34214
13163
48482
59307
5333
49163
1587
12562
18086
51965
6128
45172
52598
47130
42598
51198
15817
1908
15663
6606
33898
62542
40946
62576
27108
31536
54515
45750
46030
924
8251
46870
29786
19672
2873
12047
10271
3014
4518
930
599
22812
60917
1376
6995
43262
45670
46596
14091
39681
11848
26720
8480
2224
25668
61483
53011
45267
37540
9270
11189
136
23695
40305
11939
18899
27592
19889
47760
58465
36475
43518
4669
50485
60701
45679
48933
54742
9067
10331
19848
23592
8593
24310
27002
41009
51245
11858
12198
19891
32448
32842
6216
3349
36354
8152
38444
19011
54801
12734
36946
38583
58894
6114
27056
26311
62303
50196
61779
19921
56774
26326
26422
32992
1473
18416
47698
709
39273
40784
30832
28299
19289
49879
16167
26672
34396
21854
41231
25735
37818
3123
41701
27274
26103
2614
29935
29934
3967
53898
18286
25837
27633
58478
10464
61606
351
15790
300
54142
1791
4052
14532
7387
49597
23660
24660
4700
18764
27683
20927
2402
58806
8976
42602
37142
39666
14049
7520
21606
19905
30180
7733
15993
57801
23859
1257
48636
51673
52003
37555
10757
21953
26088
29154
1772
23617
19389
47
29334
43419
587
23625
32839
11532
15627
30534
11487
5452
33128
35462
52434
7100
11145
4062
2603
25073
8694
258
38450
53336
14239
48248
3789
38136
2514
33425
46606
45644
33308
6054
45712
39308
46045
35702
44934
420
38201
39184
47114
4818
47379
13814
49936
22913
48810
13659
36181
33044
45086
45263
11046
3505
31799
24721
9254
55283
53260
43291
62491
48531
57780
13502
6907
26054
16535
1548
35869
29182
47002
50550
21622
22319
12289
7770
8959
17860
39703
33123
38651
52478
41947
35747
16933
34698
23773
9214
63240
4549
46928
19910
48856
23572
47895
44664
44766
13044
13344
14171
53956
8138
34424
42620
9833
10597
39702
37721
50717
35770
50493
52580
50097
55887
18315
42647
4174
28770
40677
58445
33139
57019
52941
38656
59306
48272
35379
57053
48026
56988
9535
45870
27485
12006
44047
43019
7388
13705
47696
52113
44493
15791
60960
10607
3962
52450
51574
12775
14820
22789
15665
36753
4475
5589
3841
10885
15620
33418
9996
43712
40838
22340
48811
15564
39214
33702
21590
57425
11327
56183
26519
10448
52365
8903
34982
29839
41931
8271
18090
21728
49105
15115
55054
26454
39010
54239
45529
42233
1121
21402
45569
43476
29841
51844
2720
27617
51898
50767
54065
26022
57555
34932
15907
15101
60608
38561
16461
34438
50599
22107
2058
8192
1749
44164
40267
15824
13239
46516
30300
44143
20881
468
52203
13234
17239
61724
11893
8146
34224
22480
31810
25354
12777
52071
36478
6295
37087
5873
49410
21522
21317
37163
26803
19339
57379
52875
28111
19940
47313
32948
1472
57727
32511
53704
58184
28522
19488
61954
37755
71
37517
43138
1417
46772
7151
37563
27295
13914
51970
56739
24936
21886
60389
45825
2443
56875
42883
13461
51778
4173
36759
34869
7740
8647
40726
36860
4979
7065
7572
31874
29483
934
57962
18321
34144
25810
39317
33552
37345
16860
16143
46421
54343
5128
19981
45722
15513
1723
47354
44715
443
52237
24137
32262
8817
21275
12813
4006
4334
36046
24708
29365
50073
11696
47860
26412
53862
30561
1296
29699
15854
28214
50811
29778
56775
3193
58899
29141
58953
27033
54143
61284
35362
12891
9527
53739
61715
7735
35226
18875
57812
36490
40117
48274
37619
56058
21765
8525
1415
25158
36500
57166
536
2792
59956
32868
7200
37566
34853
51896
55823
54532
33682
62976
57039
48014
2741
8335
24945
43453
61111
5160
16217
45296
23745
53478
21270
12944
28749
53222
37193
153
50147
25139
28187
35990
23547
2083
27468
7302
2824
37011
38918
16225
56788
26605
28269
46580
54440
29824
54203
4900
7021
36631
13114
7866
62250
20935
56924
32655
10011
52124
19244
50350
18968
21782
23613
4433
61833
59790
47639
42101
45400
12926
24059
23792
11938
50102
55148
25333
3654
23675
28423
8943
17456
15466
49723
15984
11979
21399
59335
50982
5404
27984
4846
57696
34953
9538
37789
15274
51840
42746
43005
26156
27986
13995
43832
1898
62717
24855
51827
2448
23263
4514
13151
21654
21205
2750
894
28247
22776
24501
26079
51548
2075
62634
44302
2574
54166
55217
34858
57501
29597
7983
20798
7651
25049
34800
37139
19333
7691
16334
6850
36312
46659
45305
34
21192
17514
11436
6950
13194
55146
54508
55101
6383
36454
39265
4097
13001
61018
57209
45575
4953
5086
53076
63111
17502
50067
9177
34378
62266
24957
10682
45727
50685
57104
56036
60759
13246
53741
5446
1657
10559
28390
58759
58123
37953
29467
6967
18478
17081
14127
56444
31453
42870
34437
63035
47012
25008
7526
1346
29970
56638
59770
3759
33390
42820
26119
48370
46198
6631
62541
24872
38533
24185
61469
27508
25780
30008
21186
9755
28407
33178
24935
11131
24626
20732
55246
21813
783
7456
3665
40031
43895
40453
33913
10312
6938
35713
32737
58218
13050
24234
1120
17866
5170
55773
47882
60122
2504
2198
13467
49134
2403
57785
58037
51255
22272
7745
33644
1389
3748
54812
58543
2035
60903
49791
48131
46595
47995
3893
58705
32854
9442
15598
14184
55667
327
59588
57820
20167
47263
34521
58451
45889
8350
33663
19134
8684
56970
38869
43558
37220
19870
62667
24194
19935
17925
13857
12711
33376
58970
11819
41692
55262
48830
31521
17671
41906
29630
34483
50734
24909
57505
15619
22780
50292
28298
27080
20671
16738
16043
43542
4443
33099
20112
2111
29554
58094
43323
22493
17398
49387
30773
43550
20093
17522
22020
9735
34959
48926
43727
59265
29238
52683
37782
59568
33635
50515
15942
54960
32967
53721
58067
34605
51825
35352
23857
16323
45698
51114
47464
32554
32687
18868
24997
24278
45896
26431
16925
16110
36519
48948
62558
2260
35128
27310
58663
25968
19424
60315
5784
46651
1251
6338
2834
61808
25186
57857
27519
9788
53740
53838
57660
47092
50347
33154
49868
31216
9236
24954
63014
57606
546
7275
17542
19994
1564
62008
49220
56652
10269
10803
9020
13189
30676
34748
1737
43393
8680
353
44396
34819
54117
23271
12060
53432
16026
17497
29462
56463
61727
8497
42880
3130
39651
42003
26265
745
16962
63196
58319
32755
5675
15216
19965